@Avenidas
6
@Calles
6
@CapacidadBalsa
100000
@MatrizSensores
DN1 DN2 DN3 DN4 DN5 DN6 DN7 
CN1 CN2 CN3 CN4 CN5 CN6 CN7 
BN1 BN2 BN3 BN4 BN5 BN6 BN7 
A1 A2 A3 A4 A5 A6 A7 
BS1 BS2 BS3 BS4 BS5 BS6 BS7 
CS1 CS2 CS3 CS4 CS5 CS6 CS7 

@Limites
Contaminante1 1.3492069585695734 21.675956481596227
Contaminante2 1.8895848745674666 22.201895500354773
Contaminante3 1.6592875268336313 21.741779489737965
Contaminante4 1.966028631587077 48.12744946698592
Contaminante5 1.5728771992951662 23.582678130706412
Contaminante6 1.2610451076588558 23.152502191064794
Contaminante7 1.977610672106544 49.4296060749048
Contaminante8 1.5414764073134597 43.22533138727003
Contaminante9 1.782089207057869 49.119220578969774
Contaminante10 1.9257990717371587 45.70579763306013

@Empresas
DN 1 r 65.46150762595302 793.8003317687485 0.7139990718063501 0.7958215909597492 0.7140086377644522 0.5973588961423346 0.016004136482318687 0.5596203231102949 0.8800512971929879 0.2079729211461362 0.4033494351294814 
DN 2 r 3.4205438960725636 0.009772739582135204 0.8175949024385749 703.000087173119 0.3832293444743923 0.23042708526425715 0.6010767017155033 0.6029853403777219 0.5021010298780856 0.03819858944299881 0.7222317459064309 
DN 3 l 50.65147687963839 673.5749292619662 0.7735598668425883 0.10480790342630442 0.24275560886166125 0.2528780983011518 0.7105152817890145 0.18007163033212348 0.22442715760059861 0.7731343715733121 0.6521593194876032 
DN 4 l 13.126433219378896 0.3935055647310505 0.4481940495390332 686.3142610597918 0.7079404874427984 0.3648193003101673 0.13203682888498713 0.6228883064385424 0.9866394729747444 0.08725418979547261 0.8258840093552718 
DN 5 l 85.03046805501442 0.6453165919366376 642.3753720526722 0.0874646575908099 0.6288295932455272 0.39987097105947444 0.6272672337348832 0.7524509042598643 0.18634539772793035 0.08378741733847328 0.35903646890348073 
DN 6 l 72.57353685741745 0.06749689233853917 0.32967567819707955 0.3085745818047301 0.7462865528126661 0.4617207833276391 0.9121678216003386 0.27763984042825685 0.6992810588608548 0.5068683558607967 0.2909665445678873 

CN 1 l 27.787449043562965 0.2620718530967071 0.42832289693886116 0.24814567819066846 0.23738311527045242 0.9515561946786733 0.826595396313056 0.23522021250767322 0.5949391384756485 0.45201579558257154 0.07534344487231659 
CN 2 l 51.71672551553715 0.3118986664952679 0.9307932189338184 0.5795563630561181 0.8123040515480847 0.3819737530319416 0.4653042519773791 0.6727751275293712 0.2159976070064915 0.6062843271565607 0.6457537860782662 
CN 3 r 35.180931640410826 0.7735669386410704 0.552295527274479 0.6470949013123936 0.9744304302008033 0.061441490448551406 0.3327375914382674 0.7304053036103589 0.9705180290439308 0.01915531200114584 0.9028248343913816 
CN 4 r 29.585786865501646 0.22939006069172663 0.3489983122039161 0.09887334656725855 0.7984292541377209 0.2656168814747041 0.9677449325854071 0.07490019727909858 0.46029581214028736 0.7187124224202109 0.8844385931366627 
CN 5 l 67.09140850634404 0.005023984376941959 0.23461372895221289 0.1457113395011217 0.9180912699694215 0.38779930029787124 0.9619007966581512 0.2816867032480215 0.4369093847619111 0.14487285485761348 0.3893926074790035 
CN 6 l 23.80843172777279 0.09772693828260337 0.8549993962572012 0.9377806588834553 0.34632322566313656 0.7805226142905463 0.8663894341276384 0.2452137571380829 0.5389285600369532 0.37242199547880706 0.4274012025043452 

BN 1 r 96.58618597192397 0.14250000151704456 0.415352376945629 0.5986525159154862 0.27411428379502123 0.5637702171166366 0.14745936136888083 0.027532024449129056 0.8194072175646897 0.44132607460776396 0.5646209074457256 
BN 2 r 49.38200870520733 0.36932518124048497 0.7821078133167471 0.3479920642569354 0.11346102150084258 0.5825210897306127 0.10924009990034045 0.7276799183867876 0.7221988168627286 0.8002734552167718 0.023922130532442965 
BN 3 l 83.15677893174404 0.9744439750537818 0.00294475125369964 0.8794949782369177 0.7611490651612989 0.9473123210824602 0.5552533089845895 0.9710886817637419 0.40879792954880156 0.9016223892046213 0.2829190434172014 
BN 4 l 74.7290841117105 0.14209632188798593 0.3033401719080303 0.7397635069953201 0.36595369115439647 0.1862297896640449 0.9062387251362877 0.47857050701500004 0.174324365183394 0.36190894451821964 0.8903075202156195 
BN 5 l 82.03897691228644 0.11036582099214542 0.6269014085344365 0.8766706110758599 0.7812355262754167 0.9752156538922386 0.5319553660376247 0.878555681583241 0.1219313841576739 0.8217960235816105 0.2923515477406504 
BN 6 l 61.822070962062604 0.1757544524644996 0.889246153933895 0.7923619415977534 0.3780720692636885 0.6958073889014587 0.1884063280053978 0.4740959242160999 0.28933242342399446 0.7028204108961882 0.6263959541772343 


A 1 l 94.7758073076234 0.4221551181231432 0.37583581408174693 0.31148874213874 0.8463977971682208 0.9809791464302353 0.6954002171594639 0.6794757950456514 0.0677529707931146 0.0393062073843522 0.4655218253395804 
A 2 r 70.01031279426762 0.039515416651324964 0.2227312350178534 0.777812988777703 0.4894296922166327 0.20863819736084876 0.3689409491336634 0.09485071995462091 0.18325497921250078 0.18284279466612818 0.7379527273587084 
A 3 r 72.72688147154209 0.7034152516284644 0.8276108845954087 0.18278093123785155 0.833033503745006 0.23833540399758335 0.759325706520292 0.058881220466407425 0.30171660021852487 0.09837335174768758 0.09860742571708947 
A 4 r 55.46365425664732 0.670784751400135 0.7313525390823036 0.051987963472899135 0.5198233795308173 0.1334903000489135 0.7307331019826777 0.8754226725653935 0.956872282553495 0.04465362506020021 0.7744403032296145 
A 5 r 4.93405614850682 0.5809779539578183 0.6899890131557289 0.56615829260979 0.9659647906109056 0.19443204251454416 0.12606457337969224 0.015936061941965618 0.5276108457518438 0.9242923878895479 0.7454676757503906 
A 6 r 10.230909549431553 0.6272740603967114 0.585378773136246 0.8477235366828247 0.013138693615607488 0.5466032838490793 0.012759504135864685 0.9037425055309467 0.6750524421885167 0.4414624335626186 0.361806485536198 

BS 1 l 56.7987241776232 0.30825655684450826 0.054560192830089504 0.0387513122238865 0.6424462161939585 0.982729478138997 0.2630598477224332 0.10026451917182355 0.12402062865584884 0.24914451187407882 0.5634587551031076 
BS 2 r 75.03914466151028 0.3830384504995239 0.9356112455920181 0.6691580388080751 0.06686762583316563 0.6951632925831477 0.9504225898744262 0.956856795835986 0.1656426958767322 0.9297528929511885 0.5746185362227145 
BS 3 r 83.7967019162478 0.8220335564206303 0.8025114626027782 0.9675940518850698 0.8829120997183515 0.7355782737143568 0.802848162618705 0.7654202534860344 0.05106976770520533 0.89470789416976 0.4507580558619002 
BS 4 r 85.70933299840658 0.21812869014648817 0.7876751302796727 0.1093296838490394 0.8977286591084376 0.7691112827854188 0.18698561828871807 0.18152339349561009 0.9247380669695031 0.9268243189238866 0.019325066101852806 
BS 5 l 16.21166604678566 0.4100424505382061 0.05574009754856091 0.39645246923162847 0.6130441524202208 0.5115198779423487 0.22388174276039496 0.2272555401592008 0.06362597308356832 0.8164039436157962 0.8938372112761038 
BS 6 r 95.7570581194015 0.09076340363496271 0.8013670592450726 0.7321897588612204 0.8881657373954749 0.18541196250172687 0.3953267811873 0.1760678307074527 0.2217646429863186 0.3277276562379675 0.4865586819338278 

CS 1 l 44.13554884760127 0.25154744976867627 0.9510502344815115 0.4476191864380784 0.8578649726197713 0.16369730692484663 0.7956323416330137 0.6028695748072999 0.33150351223702557 0.575872801112241 0.3072763913137915 
CS 2 r 71.87348532668203 0.6805634153396006 0.8218767196495319 0.6790462907630085 0.17180390422648406 0.27775110334862685 0.7792874256512553 0.44354658850987017 0.8935646392946863 0.3945387565355035 0.29217017875349804 
CS 3 l 19.444606924824097 0.20532564542825416 0.16924734969557353 0.8002333558573439 0.4344131218424633 0.6913983888367646 0.9679074779298388 0.719869962594774 0.31973293014148674 0.4405565648630527 0.6323124967194953 
CS 4 l 20.187621114171332 0.6015628069406741 0.027252973325522345 0.6106565695815005 0.9286828927415747 0.8999658234657888 0.07451016642343644 0.2483754717056721 0.9734563475290835 0.5390482680028669 0.2676556472491951 
CS 5 r 58.448263568269084 0.45700124068350967 0.22846128403753496 0.2437373247230401 0.8098417844075855 0.49901568114795003 0.9217834458165981 0.8683678901867973 0.28731416208018057 0.736324995325711 0.5820391005551078 
CS 6 l 3.9612898607162927 0.2059054058265669 0.16524141759404587 0.25745956699473915 0.23034340448146462 0.42331268772024155 0.2907406505125212 0.8246951495716536 0.9327632018318233 0.7859605979034547 0.8944978001613402 

DS 1 l 83.91106054144386 0.08410942454331982 0.08636389582569204 0.6718159335338406 0.001759040025876124 0.2982702070462637 0.6876533154078777 0.6289745258170882 0.9926097241473802 0.11083353892948633 722.8955026132624 
DS 2 l 39.80346166842829 0.06795001062108541 0.7515465060094875 0.7370424362095377 0.7723363067485031 0.7180189123370044 0.12144821605292022 0.9034901410272477 0.9813214483917775 0.7673767420561438 0.7971009107845224 
DS 3 r 85.68523239961624 0.2539597539848173 0.6370956433629684 0.9554308736780981 0.6399647917551786 0.0961548691281674 0.2974491682646022 0.47921872407206056 0.22471917876477132 0.7548133275224148 0.9033193503832235 
DS 4 l 50.921406428866845 0.35871903505078784 0.27811301769459695 0.09770311098333129 0.45141532885348534 0.7188051405848952 0.5807169195310792 0.49311408624113773 0.15034117939883485 0.24980717147633313 0.25785816649408455 
DS 5 l 89.73771363399135 0.006229842071087566 0.303654227246302 0.5025757808557616 0.428932873077007 0.2870993958698034 0.9099485523520138 0.3719807949905114 0.813959808857626 0.5162128381986519 0.26934128020875814 
DS 6 l 82.30717595331512 0.7489851887961857 0.6427760358132844 0.3510886062509727 0.37842264228840916 0.46588196903825285 0.13376395154655174 0.29745554645451344 0.06745845148238316 0.2900138886479873 714.2113414925252 

