@Avenidas
51

@Calles
7

@Empresas
ZN0 r 10 0.1 0.25 0.3 10 0.1 0.1 0.25 0.3 10 0.1 0.1 0.25 0.3 10 0.1 0.1 0.25 0.3 10 0.1 0.1 0.25 0.3 10 0.1 0.1 0.25 0.3 10 0.1 0.1 0.25 0.3 10 0.1 0.1 0.25 0.3 10 0.1 0.1 0.25 0.3 10 0.1 0.1 0.25 0.3 10 0.1 0.1 0.25 0.3 10 0.1 0.1 0.25 0.3 10 0.1 0.1 0.25 0.3 10 0.1 0.1 0.25 0.3 10 0.1 0.1 0.25 0.3 10 0.1  
ZN1 l 10 0.2 0.3 0.5 10 0.1 0.25 0.25 0.3 10 0.1 0.1 0.25 0.3 10 0.1 0.1 0.25 0.3 10 0.1 0.1 0.25 0.3 10 0.1 0.1 0.25 0.3 10 0.1 0.1 0.25 0.3 10 0.1 0.1 0.25 0.3 10 0.1 0.1 0.25 0.3 10 0.1 0.1 0.25 0.3 10 0.1 0.1 0.25 0.3 10 0.1 0.1 0.25 0.3 10 0.1 0.1 0.25 0.3 10 0.1 0.1 0.25 0.3 10 0.1 0.1 0.25 0.3 10 0.1
ZN2 L 6 1.87 0.2 0.3 10 0.1 0.25 0.25 0.3 10 0.1 0.1 0.25 0.3 10 0.1 0.1 0.25 0.3 10 0.1 0.1 0.25 0.3 10 0.1 0.1 0.25 0.3 10 0.1 0.1 0.25 0.3 10 0.1 0.1 0.25 0.3 10 0.1 0.1 0.25 0.3 10 0.1 0.1 0.25 0.3 10 0.1 0.1 0.25 0.3 10 0.1 0.1 0.25 0.3 10 0.1 0.1 0.25 0.3 10 0.1 0.1 0.25 0.3 10 0.1 0.1 0.25 0.3 10 0.1
ZN3 l 25 2.2 1.5 3 10 0.1 0.25 0.25 0.3 10 0.1 0.1 0.25 0.3 10 0.1 0.1 0.25 0.3 10 0.1 0.1 0.25 0.3 10 0.1 0.1 0.25 0.3 10 0.1 0.1 0.25 0.3 10 0.1 0.1 0.25 0.3 10 0.1 0.1 0.25 0.3 10 0.1 0.1 0.25 0.3 10 0.1 0.1 0.25 0.3 10 0.1 0.1 0.25 0.3 10 0.1 0.1 0.25 0.3 10 0.1 0.1 0.25 0.3 10 0.1 0.1 0.25 0.3 10 0.1 
ZN4 l 15 0.5 0.6 0.78 10 0.1 0.25 0.25 0.3 10 0.1 0.1 0.25 0.3 10 0.1 0.1 0.25 0.3 10 0.1 0.1 0.25 0.3 10 0.1 0.1 0.25 0.3 10 0.1 0.1 0.25 0.3 10 0.1 0.1 0.25 0.3 10 0.1 0.1 0.25 0.3 10 0.1 0.1 0.25 0.3 10 0.1 0.1 0.25 0.3 10 0.1 0.1 0.25 0.3 10 0.1 0.1 0.25 0.3 10 0.1 0.1 0.25 0.3 10 0.1 0.1 0.25 0.3 10 0.1 
ZN5 r 8 0.1 0.1 0.2 0.3 10 0.1 0.25 0.25 0.3 10 0.1 0.1 0.25 0.3 10 0.1 0.1 0.25 0.3 10 0.1 0.1 0.25 0.3 10 0.1 0.1 0.25 0.3 10 0.1 0.1 0.25 0.3 10 0.1 0.1 0.25 0.3 10 0.1 0.1 0.25 0.3 10 0.1 0.1 0.25 0.3 10 0.1 0.1 0.25 0.3 10 0.1 0.1 0.25 0.3 10 0.1 0.1 0.25 0.3 10 0.1 0.1 0.25 0.3 10 0.1 0.1 0.25 0.3 10 0.1 

YN0 r 10 0.1 0.25 0.3 10 0.1 0.25 0.3 0.25 0.3 10 0.1 0.1 0.25 0.3 10 0.1 0.1 0.25 0.3 10 0.1 0.1 0.25 0.3 10 0.1 0.1 0.25 0.3 10 0.1 0.1 0.25 0.3 10 0.1 0.1 0.25 0.3 10 0.1 0.1 0.25 0.3 10 0.1 0.1 0.25 0.3 10 0.1 0.1 0.25 0.3 10 0.1 0.1 0.25 0.3 10 0.1 0.1 0.25 0.3 10 0.1 0.1 0.25 0.3 10 0.1 0.1 0.25 0.3 10 0.1 
YN1 l 10 0.2 0.3 0.5 10 0.1 0.25 0.3 0.25 0.3 10 0.1 0.1 0.25 0.3 10 0.1 0.1 0.25 0.3 10 0.1 0.1 0.25 0.3 10 0.1 0.1 0.25 0.3 10 0.1 0.1 0.25 0.3 10 0.1 0.1 0.25 0.3 10 0.1 0.1 0.25 0.3 10 0.1 0.1 0.25 0.3 10 0.1 0.1 0.25 0.3 10 0.1 0.1 0.25 0.3 10 0.1 0.1 0.25 0.3 10 0.1 0.1 0.25 0.3 10 0.1 0.1 0.25 0.3 10 0.1
YN2 L 6 1.87 0.2 0.3 10 0.1 0.25 0.3 0.25 0.3 10 0.1 0.1 0.25 0.3 10 0.1 0.1 0.25 0.3 10 0.1 0.1 0.25 0.3 10 0.1 0.1 0.25 0.3 10 0.1 0.1 0.25 0.3 10 0.1 0.1 0.25 0.3 10 0.1 0.1 0.25 0.3 10 0.1 0.1 0.25 0.3 10 0.1 0.1 0.25 0.3 10 0.1 0.1 0.25 0.3 10 0.1 0.1 0.25 0.3 10 0.1 0.1 0.25 0.3 10 0.1 0.1 0.25 0.3 10 0.1
YN3 l 25 2.2 1.5 3 10 0.1 0.25 0.3 0.25 0.3 10 0.1 0.1 0.25 0.3 10 0.1 0.1 0.25 0.3 10 0.1 0.1 0.25 0.3 10 0.1 0.1 0.25 0.3 10 0.1 0.1 0.25 0.3 10 0.1 0.1 0.25 0.3 10 0.1 0.1 0.25 0.3 10 0.1 0.1 0.25 0.3 10 0.1 0.1 0.25 0.3 10 0.1 0.1 0.25 0.3 10 0.1 0.1 0.25 0.3 10 0.1 0.1 0.25 0.3 10 0.1 0.1 0.25 0.3 10 0.1
YN4 l 15 0.5 0.6 0.78 10 0.1 0.25 0.3 0.25 0.3 10 0.1 0.1 0.25 0.3 10 0.1 0.1 0.25 0.3 10 0.1 0.1 0.25 0.3 10 0.1 0.1 0.25 0.3 10 0.1 0.1 0.25 0.3 10 0.1 0.1 0.25 0.3 10 0.1 0.1 0.25 0.3 10 0.1 0.1 0.25 0.3 10 0.1 0.1 0.25 0.3 10 0.1 0.1 0.25 0.3 10 0.1 0.1 0.25 0.3 10 0.1 0.1 0.25 0.3 10 0.1 0.1 0.25 0.3 10 0.1
YN5 l 8 0.1 0.2 0.3 10 0.1 0.25 0.3 0.25 0.3 10 0.1 0.1 0.25 0.3 10 0.1 0.1 0.25 0.3 10 0.1 0.1 0.25 0.3 10 0.1 0.1 0.25 0.3 10 0.1 0.1 0.25 0.3 10 0.1 0.1 0.25 0.3 10 0.1 0.1 0.25 0.3 10 0.1 0.1 0.25 0.3 10 0.1 0.1 0.25 0.3 10 0.1 0.1 0.25 0.3 10 0.1 0.1 0.25 0.3 10 0.1 0.1 0.25 0.3 10 0.1 0.1 0.25 0.3 10 0.1

XN0 l 10 0 0.1 0.5 10 0.1 0.25 0.3 0.25 0.3 10 0.1 0.1 0.25 0.3 10 0.1 0.1 0.25 0.3 10 0.1 0.1 0.25 0.3 10 0.1 0.1 0.25 0.3 10 0.1 0.1 0.25 0.3 10 0.1 0.1 0.25 0.3 10 0.1 0.1 0.25 0.3 10 0.1 0.1 0.25 0.3 10 0.1 0.1 0.25 0.3 10 0.1 0.1 0.25 0.3 10 0.1 0.1 0.25 0.3 10 0.1 0.1 0.25 0.3 10 0.1 0.1 0.25 0.3 10 0.1
XN1 l 2 0.1 0.5 0.9 10 0.1 0.25 0.3 0.25 0.3 10 0.1 0.1 0.25 0.3 10 0.1 0.1 0.25 0.3 10 0.1 0.1 0.25 0.3 10 0.1 0.1 0.25 0.3 10 0.1 0.1 0.25 0.3 10 0.1 0.1 0.25 0.3 10 0.1 0.1 0.25 0.3 10 0.1 0.1 0.25 0.3 10 0.1 0.1 0.25 0.3 10 0.1 0.1 0.25 0.3 10 0.1 0.1 0.25 0.3 10 0.1 0.1 0.25 0.3 10 0.1 0.1 0.25 0.3 10 0.1
XN2 l 13 0.2 0.3 0.5 10 0.1 0.25 0.3 0.25 0.3 10 0.1 0.1 0.25 0.3 10 0.1 0.1 0.25 0.3 10 0.1 0.1 0.25 0.3 10 0.1 0.1 0.25 0.3 10 0.1 0.1 0.25 0.3 10 0.1 0.1 0.25 0.3 10 0.1 0.1 0.25 0.3 10 0.1 0.1 0.25 0.3 10 0.1 0.1 0.25 0.3 10 0.1 0.1 0.25 0.3 10 0.1 0.1 0.25 0.3 10 0.1 0.1 0.25 0.3 10 0.1 0.1 0.25 0.3 10 0.1
XN3 l 13 0.2 1 0.33 10 0.1 0.25 0.3 0.25 0.3 10 0.1 0.1 0.25 0.3 10 0.1 0.1 0.25 0.3 10 0.1 0.1 0.25 0.3 10 0.1 0.1 0.25 0.3 10 0.1 0.1 0.25 0.3 10 0.1 0.1 0.25 0.3 10 0.1 0.1 0.25 0.3 10 0.1 0.1 0.25 0.3 10 0.1 0.1 0.25 0.3 10 0.1 0.1 0.25 0.3 10 0.1 0.1 0.25 0.3 10 0.1 0.1 0.25 0.3 10 0.1 0.1 0.25 0.3 10 0.1
XN4 l 9 1.22 1 2 10 0.1 0.25 0.3 0.25 0.3 10 0.1 0.1 0.25 0.3 10 0.1 0.1 0.25 0.3 10 0.1 0.1 0.25 0.3 10 0.1 0.1 0.25 0.3 10 0.1 0.1 0.25 0.3 10 0.1 0.1 0.25 0.3 10 0.1 0.1 0.25 0.3 10 0.1 0.1 0.25 0.3 10 0.1 0.1 0.25 0.3 10 0.1 0.1 0.25 0.3 10 0.1 0.1 0.25 0.3 10 0.1 0.1 0.25 0.3 10 0.1 0.1 0.25 0.3 10 0.1
XN5 l 5 0.2 0.3 0.5 10 0.1 0.25 0.3 0.25 0.3 10 0.1 0.1 0.25 0.3 10 0.1 0.1 0.25 0.3 10 0.1 0.1 0.25 0.3 10 0.1 0.1 0.25 0.3 10 0.1 0.1 0.25 0.3 10 0.1 0.1 0.25 0.3 10 0.1 0.1 0.25 0.3 10 0.1 0.1 0.25 0.3 10 0.1 0.1 0.25 0.3 10 0.1 0.1 0.25 0.3 10 0.1 0.1 0.25 0.3 10 0.1 0.1 0.25 0.3 10 0.1 0.1 0.25 0.3 10 0.1

WN0 r 10 0.1 0.2 0.3 10 0.1 0.25 0.3 0.25 0.3 10 0.1 0.1 0.25 0.3 10 0.1 0.1 0.25 0.3 10 0.1 0.1 0.25 0.3 10 0.1 0.1 0.25 0.3 10 0.1 0.1 0.25 0.3 10 0.1 0.1 0.25 0.3 10 0.1 0.1 0.25 0.3 10 0.1 0.1 0.25 0.3 10 0.1 0.1 0.25 0.3 10 0.1 0.1 0.25 0.3 10 0.1 0.1 0.25 0.3 10 0.1 0.1 0.25 0.3 10 0.1 0.1 0.25 0.3 10 0.1
WN1 l 15 1 0.075 1.23 10 0.1 0.25 0.3 0.25 0.3 10 0.1 0.1 0.25 0.3 10 0.1 0.1 0.25 0.3 10 0.1 0.1 0.25 0.3 10 0.1 0.1 0.25 0.3 10 0.1 0.1 0.25 0.3 10 0.1 0.1 0.25 0.3 10 0.1 0.1 0.25 0.3 10 0.1 0.1 0.25 0.3 10 0.1 0.1 0.25 0.3 10 0.1 0.1 0.25 0.3 10 0.1 0.1 0.25 0.3 10 0.1 0.1 0.25 0.3 10 0.1 0.1 0.25 0.3 10 0.1
WN2 l 11 1.75 0.69 0.9 10 0.1 0.25 0.3 0.25 0.3 10 0.1 0.1 0.25 0.3 10 0.1 0.1 0.25 0.3 10 0.1 0.1 0.25 0.3 10 0.1 0.1 0.25 0.3 10 0.1 0.1 0.25 0.3 10 0.1 0.1 0.25 0.3 10 0.1 0.1 0.25 0.3 10 0.1 0.1 0.25 0.3 10 0.1 0.1 0.25 0.3 10 0.1 0.1 0.25 0.3 10 0.1 0.1 0.25 0.3 10 0.1 0.1 0.25 0.3 10 0.1 0.1 0.25 0.3 10 0.1
WN3 l 8 0.97 0.8 0.7 10 0.1 0.25 0.3 0.25 0.3 10 0.1 0.1 0.25 0.3 10 0.1 0.1 0.25 0.3 10 0.1 0.1 0.25 0.3 10 0.1 0.1 0.25 0.3 10 0.1 0.1 0.25 0.3 10 0.1 0.1 0.25 0.3 10 0.1 0.1 0.25 0.3 10 0.1 0.1 0.25 0.3 10 0.1 0.1 0.25 0.3 10 0.1 0.1 0.25 0.3 10 0.1 0.1 0.25 0.3 10 0.1 0.1 0.25 0.3 10 0.1 0.1 0.25 0.3 10 0.1
WN4 l 7 3 1.31 2 10 0.1 0.25 0.3 0.25 0.3 10 0.1 0.1 0.25 0.3 10 0.1 0.1 0.25 0.3 10 0.1 0.1 0.25 0.3 10 0.1 0.1 0.25 0.3 10 0.1 0.1 0.25 0.3 10 0.1 0.1 0.25 0.3 10 0.1 0.1 0.25 0.3 10 0.1 0.1 0.25 0.3 10 0.1 0.1 0.25 0.3 10 0.1 0.1 0.25 0.3 10 0.1 0.1 0.25 0.3 10 0.1 0.1 0.25 0.3 10 0.1 0.1 0.25 0.3 10 0.1
WN5 l 10 0.2 0.3 0.5 10 0.1 0.25 0.3 0.25 0.3 10 0.1 0.1 0.25 0.3 10 0.1 0.1 0.25 0.3 10 0.1 0.1 0.25 0.3 10 0.1 0.1 0.25 0.3 10 0.1 0.1 0.25 0.3 10 0.1 0.1 0.25 0.3 10 0.1 0.1 0.25 0.3 10 0.1 0.1 0.25 0.3 10 0.1 0.1 0.25 0.3 10 0.1 0.1 0.25 0.3 10 0.1 0.1 0.25 0.3 10 0.1 0.1 0.25 0.3 10 0.1 0.1 0.25 0.3 10 0.1

VN0 r 10 0.1 0.25 0.3 10 0.1 0.25 0.3 0.25 0.3 10 0.1 0.1 0.25 0.3 10 0.1 0.1 0.25 0.3 10 0.1 0.1 0.25 0.3 10 0.1 0.1 0.25 0.3 10 0.1 0.1 0.25 0.3 10 0.1 0.1 0.25 0.3 10 0.1 0.1 0.25 0.3 10 0.1 0.1 0.25 0.3 10 0.1 0.1 0.25 0.3 10 0.1 0.1 0.25 0.3 10 0.1 0.1 0.25 0.3 10 0.1 0.1 0.25 0.3 10 0.1 0.1 0.25 0.3 10 0.1
VN1 l 10 0.2 0.3 0.5 10 0.1 0.25 0.3 0.25 0.3 10 0.1 0.1 0.25 0.3 10 0.1 0.1 0.25 0.3 10 0.1 0.1 0.25 0.3 10 0.1 0.1 0.25 0.3 10 0.1 0.1 0.25 0.3 10 0.1 0.1 0.25 0.3 10 0.1 0.1 0.25 0.3 10 0.1 0.1 0.25 0.3 10 0.1 0.1 0.25 0.3 10 0.1 0.1 0.25 0.3 10 0.1 0.1 0.25 0.3 10 0.1 0.1 0.25 0.3 10 0.1 0.1 0.25 0.3 10 0.1
VN2 L 6 1.87 0.2 0.3 10 0.1 0.25 0.3 0.25 0.3 10 0.1 0.1 0.25 0.3 10 0.1 0.1 0.25 0.3 10 0.1 0.1 0.25 0.3 10 0.1 0.1 0.25 0.3 10 0.1 0.1 0.25 0.3 10 0.1 0.1 0.25 0.3 10 0.1 0.1 0.25 0.3 10 0.1 0.1 0.25 0.3 10 0.1 0.1 0.25 0.3 10 0.1 0.1 0.25 0.3 10 0.1 0.1 0.25 0.3 10 0.1 0.1 0.25 0.3 10 0.1 0.1 0.25 0.3 10 0.1
VN3 l 25 2.2 1.5 3 10 0.1 0.25 0.3 0.25 0.3 10 0.1 0.1 0.25 0.3 10 0.1 0.1 0.25 0.3 10 0.1 0.1 0.25 0.3 10 0.1 0.1 0.25 0.3 10 0.1 0.1 0.25 0.3 10 0.1 0.1 0.25 0.3 10 0.1 0.1 0.25 0.3 10 0.1 0.1 0.25 0.3 10 0.1 0.1 0.25 0.3 10 0.1 0.1 0.25 0.3 10 0.1 0.1 0.25 0.3 10 0.1 0.1 0.25 0.3 10 0.1 0.1 0.25 0.3 10 0.1
VN4 l 15 0.5 0.6 0.78 10 0.1 0.25 0.3 0.25 0.3 10 0.1 0.1 0.25 0.3 10 0.1 0.1 0.25 0.3 10 0.1 0.1 0.25 0.3 10 0.1 0.1 0.25 0.3 10 0.1 0.1 0.25 0.3 10 0.1 0.1 0.25 0.3 10 0.1 0.1 0.25 0.3 10 0.1 0.1 0.25 0.3 10 0.1 0.1 0.25 0.3 10 0.1 0.1 0.25 0.3 10 0.1 0.1 0.25 0.3 10 0.1 0.1 0.25 0.3 10 0.1 0.1 0.25 0.3 10 0.1
VN5 l 8 0.1 0.2 0.3 10 0.1 0.25 0.3 0.25 0.3 10 0.1 0.1 0.25 0.3 10 0.1 0.1 0.25 0.3 10 0.1 0.1 0.25 0.3 10 0.1 0.1 0.25 0.3 10 0.1 0.1 0.25 0.3 10 0.1 0.1 0.25 0.3 10 0.1 0.1 0.25 0.3 10 0.1 0.1 0.25 0.3 10 0.1 0.1 0.25 0.3 10 0.1 0.1 0.25 0.3 10 0.1 0.1 0.25 0.3 10 0.1 0.1 0.25 0.3 10 0.1 0.1 0.25 0.3 10 0.1

UN0 l 10 0 0.1 0.5 10 0.1 0.25 0.3 0.25 0.3 10 0.1 0.1 0.25 0.3 10 0.1 0.1 0.25 0.3 10 0.1 0.1 0.25 0.3 10 0.1 0.1 0.25 0.3 10 0.1 0.1 0.25 0.3 10 0.1 0.1 0.25 0.3 10 0.1 0.1 0.25 0.3 10 0.1 0.1 0.25 0.3 10 0.1 0.1 0.25 0.3 10 0.1 0.1 0.25 0.3 10 0.1 0.1 0.25 0.3 10 0.1 0.1 0.25 0.3 10 0.1 0.1 0.25 0.3 10 0.1
UN1 l 2 0.1 0.5 0.9 10 0.1 0.25 0.3 0.25 0.3 10 0.1 0.1 0.25 0.3 10 0.1 0.1 0.25 0.3 10 0.1 0.1 0.25 0.3 10 0.1 0.1 0.25 0.3 10 0.1 0.1 0.25 0.3 10 0.1 0.1 0.25 0.3 10 0.1 0.1 0.25 0.3 10 0.1 0.1 0.25 0.3 10 0.1 0.1 0.25 0.3 10 0.1 0.1 0.25 0.3 10 0.1 0.1 0.25 0.3 10 0.1 0.1 0.25 0.3 10 0.1 0.1 0.25 0.3 10 0.1
UN2 l 13 0.2 0.3 0.5 10 0.1 0.25 0.3 0.25 0.3 10 0.1 0.1 0.25 0.3 10 0.1 0.1 0.25 0.3 10 0.1 0.1 0.25 0.3 10 0.1 0.1 0.25 0.3 10 0.1 0.1 0.25 0.3 10 0.1 0.1 0.25 0.3 10 0.1 0.1 0.25 0.3 10 0.1 0.1 0.25 0.3 10 0.1 0.1 0.25 0.3 10 0.1 0.1 0.25 0.3 10 0.1 0.1 0.25 0.3 10 0.1 0.1 0.25 0.3 10 0.1 0.1 0.25 0.3 10 0.1
UN3 l 13 0.2 1 0.33 10 0.1 0.25 0.3 0.25 0.3 10 0.1 0.1 0.25 0.3 10 0.1 0.1 0.25 0.3 10 0.1 0.1 0.25 0.3 10 0.1 0.1 0.25 0.3 10 0.1 0.1 0.25 0.3 10 0.1 0.1 0.25 0.3 10 0.1 0.1 0.25 0.3 10 0.1 0.1 0.25 0.3 10 0.1 0.1 0.25 0.3 10 0.1 0.1 0.25 0.3 10 0.1 0.1 0.25 0.3 10 0.1 0.1 0.25 0.3 10 0.1 0.1 0.25 0.3 10 0.1
UN4 l 9 1.22 1 2 10 0.1 0.25 0.3 0.25 0.3 10 0.1 0.1 0.25 0.3 10 0.1 0.1 0.25 0.3 10 0.1 0.1 0.25 0.3 10 0.1 0.1 0.25 0.3 10 0.1 0.1 0.25 0.3 10 0.1 0.1 0.25 0.3 10 0.1 0.1 0.25 0.3 10 0.1 0.1 0.25 0.3 10 0.1 0.1 0.25 0.3 10 0.1 0.1 0.25 0.3 10 0.1 0.1 0.25 0.3 10 0.1 0.1 0.25 0.3 10 0.1 0.1 0.25 0.3 10 0.1
UN5 l 5 0.2 0.3 0.5 10 0.1 0.25 0.3 0.25 0.3 10 0.1 0.1 0.25 0.3 10 0.1 0.1 0.25 0.3 10 0.1 0.1 0.25 0.3 10 0.1 0.1 0.25 0.3 10 0.1 0.1 0.25 0.3 10 0.1 0.1 0.25 0.3 10 0.1 0.1 0.25 0.3 10 0.1 0.1 0.25 0.3 10 0.1 0.1 0.25 0.3 10 0.1 0.1 0.25 0.3 10 0.1 0.1 0.25 0.3 10 0.1 0.1 0.25 0.3 10 0.1 0.1 0.25 0.3 10 0.1

TN0 r 10 0.1 0.2 0.3 10 0.1 0.25 0.3 0.25 0.3 10 0.1 0.1 0.25 0.3 10 0.1 0.1 0.25 0.3 10 0.1 0.1 0.25 0.3 10 0.1 0.1 0.25 0.3 10 0.1 0.1 0.25 0.3 10 0.1 0.1 0.25 0.3 10 0.1 0.1 0.25 0.3 10 0.1 0.1 0.25 0.3 10 0.1 0.1 0.25 0.3 10 0.1 0.1 0.25 0.3 10 0.1 0.1 0.25 0.3 10 0.1 0.1 0.25 0.3 10 0.1 0.1 0.25 0.3 10 0.1
TN1 l 15 1 0.075 1.23 10 0.1 0.25 0.3 0.25 0.3 10 0.1 0.1 0.25 0.3 10 0.1 0.1 0.25 0.3 10 0.1 0.1 0.25 0.3 10 0.1 0.1 0.25 0.3 10 0.1 0.1 0.25 0.3 10 0.1 0.1 0.25 0.3 10 0.1 0.1 0.25 0.3 10 0.1 0.1 0.25 0.3 10 0.1 0.1 0.25 0.3 10 0.1 0.1 0.25 0.3 10 0.1 0.1 0.25 0.3 10 0.1 0.1 0.25 0.3 10 0.1 0.1 0.25 0.3 10 0.1
TN2 l 11 1.75 0.69 0.9 10 0.1 0.25 0.3 0.25 0.3 10 0.1 0.1 0.25 0.3 10 0.1 0.1 0.25 0.3 10 0.1 0.1 0.25 0.3 10 0.1 0.1 0.25 0.3 10 0.1 0.1 0.25 0.3 10 0.1 0.1 0.25 0.3 10 0.1 0.1 0.25 0.3 10 0.1 0.1 0.25 0.3 10 0.1 0.1 0.25 0.3 10 0.1 0.1 0.25 0.3 10 0.1 0.1 0.25 0.3 10 0.1 0.1 0.25 0.3 10 0.1 0.1 0.25 0.3 10 0.1
TN3 l 8 0.97 0.8 0.7 10 0.1 0.25 0.3 0.25 0.3 10 0.1 0.1 0.25 0.3 10 0.1 0.1 0.25 0.3 10 0.1 0.1 0.25 0.3 10 0.1 0.1 0.25 0.3 10 0.1 0.1 0.25 0.3 10 0.1 0.1 0.25 0.3 10 0.1 0.1 0.25 0.3 10 0.1 0.1 0.25 0.3 10 0.1 0.1 0.25 0.3 10 0.1 0.1 0.25 0.3 10 0.1 0.1 0.25 0.3 10 0.1 0.1 0.25 0.3 10 0.1 0.1 0.25 0.3 10 0.1
TN4 l 7 3 1.31 2 10 0.1 0.25 0.3 0.25 0.3 10 0.1 0.1 0.25 0.3 10 0.1 0.1 0.25 0.3 10 0.1 0.1 0.25 0.3 10 0.1 0.1 0.25 0.3 10 0.1 0.1 0.25 0.3 10 0.1 0.1 0.25 0.3 10 0.1 0.1 0.25 0.3 10 0.1 0.1 0.25 0.3 10 0.1 0.1 0.25 0.3 10 0.1 0.1 0.25 0.3 10 0.1 0.1 0.25 0.3 10 0.1 0.1 0.25 0.3 10 0.1 0.1 0.25 0.3 10 0.1
TN5 l 10 0.2 0.3 0.5 10 0.1 0.25 0.3 0.25 0.3 10 0.1 0.1 0.25 0.3 10 0.1 0.1 0.25 0.3 10 0.1 0.1 0.25 0.3 10 0.1 0.1 0.25 0.3 10 0.1 0.1 0.25 0.3 10 0.1 0.1 0.25 0.3 10 0.1 0.1 0.25 0.3 10 0.1 0.1 0.25 0.3 10 0.1 0.1 0.25 0.3 10 0.1 0.1 0.25 0.3 10 0.1 0.1 0.25 0.3 10 0.1 0.1 0.25 0.3 10 0.1 0.1 0.25 0.3 10 0.1

SN0 r 10 0.1 0.25 0.3 10 0.1 0.25 0.3 0.25 0.3 10 0.1 0.1 0.25 0.3 10 0.1 0.1 0.25 0.3 10 0.1 0.1 0.25 0.3 10 0.1 0.1 0.25 0.3 10 0.1 0.1 0.25 0.3 10 0.1 0.1 0.25 0.3 10 0.1 0.1 0.25 0.3 10 0.1 0.1 0.25 0.3 10 0.1 0.1 0.25 0.3 10 0.1 0.1 0.25 0.3 10 0.1 0.1 0.25 0.3 10 0.1 0.1 0.25 0.3 10 0.1 0.1 0.25 0.3 10 0.1
SN1 l 10 0.2 0.3 0.5 10 0.1 0.25 0.3 0.25 0.3 10 0.1 0.1 0.25 0.3 10 0.1 0.1 0.25 0.3 10 0.1 0.1 0.25 0.3 10 0.1 0.1 0.25 0.3 10 0.1 0.1 0.25 0.3 10 0.1 0.1 0.25 0.3 10 0.1 0.1 0.25 0.3 10 0.1 0.1 0.25 0.3 10 0.1 0.1 0.25 0.3 10 0.1 0.1 0.25 0.3 10 0.1 0.1 0.25 0.3 10 0.1 0.1 0.25 0.3 10 0.1 0.1 0.25 0.3 10 0.1
SN2 L 6 1.87 0.2 0.3 10 0.1 0.25 0.3 0.25 0.3 10 0.1 0.1 0.25 0.3 10 0.1 0.1 0.25 0.3 10 0.1 0.1 0.25 0.3 10 0.1 0.1 0.25 0.3 10 0.1 0.1 0.25 0.3 10 0.1 0.1 0.25 0.3 10 0.1 0.1 0.25 0.3 10 0.1 0.1 0.25 0.3 10 0.1 0.1 0.25 0.3 10 0.1 0.1 0.25 0.3 10 0.1 0.1 0.25 0.3 10 0.1 0.1 0.25 0.3 10 0.1 0.1 0.25 0.3 10 0.1
SN3 l 25 2.2 1.5 3 10 0.1 0.25 0.3 0.25 0.3 10 0.1 0.1 0.25 0.3 10 0.1 0.1 0.25 0.3 10 0.1 0.1 0.25 0.3 10 0.1 0.1 0.25 0.3 10 0.1 0.1 0.25 0.3 10 0.1 0.1 0.25 0.3 10 0.1 0.1 0.25 0.3 10 0.1 0.1 0.25 0.3 10 0.1 0.1 0.25 0.3 10 0.1 0.1 0.25 0.3 10 0.1 0.1 0.25 0.3 10 0.1 0.1 0.25 0.3 10 0.1 0.1 0.25 0.3 10 0.1
SN4 l 15 0.5 0.6 0.78 10 0.1 0.25 0.3 0.25 0.3 10 0.1 0.1 0.25 0.3 10 0.1 0.1 0.25 0.3 10 0.1 0.1 0.25 0.3 10 0.1 0.1 0.25 0.3 10 0.1 0.1 0.25 0.3 10 0.1 0.1 0.25 0.3 10 0.1 0.1 0.25 0.3 10 0.1 0.1 0.25 0.3 10 0.1 0.1 0.25 0.3 10 0.1 0.1 0.25 0.3 10 0.1 0.1 0.25 0.3 10 0.1 0.1 0.25 0.3 10 0.1 0.1 0.25 0.3 10 0.1
SN5 l 8 0.1 0.2 0.3 10 0.1 0.25 0.3 0.25 0.3 10 0.1 0.1 0.25 0.3 10 0.1 0.1 0.25 0.3 10 0.1 0.1 0.25 0.3 10 0.1 0.1 0.25 0.3 10 0.1 0.1 0.25 0.3 10 0.1 0.1 0.25 0.3 10 0.1 0.1 0.25 0.3 10 0.1 0.1 0.25 0.3 10 0.1 0.1 0.25 0.3 10 0.1 0.1 0.25 0.3 10 0.1 0.1 0.25 0.3 10 0.1 0.1 0.25 0.3 10 0.1 0.1 0.25 0.3 10 0.1

RN0 l 10 0 0.1 0.5 10 0.1 0.25 0.3 0.25 0.3 10 0.1 0.1 0.25 0.3 10 0.1 0.1 0.25 0.3 10 0.1 0.1 0.25 0.3 10 0.1 0.1 0.25 0.3 10 0.1 0.1 0.25 0.3 10 0.1 0.1 0.25 0.3 10 0.1 0.1 0.25 0.3 10 0.1 0.1 0.25 0.3 10 0.1 0.1 0.25 0.3 10 0.1 0.1 0.25 0.3 10 0.1 0.1 0.25 0.3 10 0.1 0.1 0.25 0.3 10 0.1 0.1 0.25 0.3 10 0.1
RN1 l 2 0.1 0.5 0.9 10 0.1 0.25 0.3 0.25 0.3 10 0.1 0.1 0.25 0.3 10 0.1 0.1 0.25 0.3 10 0.1 0.1 0.25 0.3 10 0.1 0.1 0.25 0.3 10 0.1 0.1 0.25 0.3 10 0.1 0.1 0.25 0.3 10 0.1 0.1 0.25 0.3 10 0.1 0.1 0.25 0.3 10 0.1 0.1 0.25 0.3 10 0.1 0.1 0.25 0.3 10 0.1 0.1 0.25 0.3 10 0.1 0.1 0.25 0.3 10 0.1 0.1 0.25 0.3 10 0.1
RN2 l 13 0.2 0.3 0.5 10 0.1 0.25 0.3 0.25 0.3 10 0.1 0.1 0.25 0.3 10 0.1 0.1 0.25 0.3 10 0.1 0.1 0.25 0.3 10 0.1 0.1 0.25 0.3 10 0.1 0.1 0.25 0.3 10 0.1 0.1 0.25 0.3 10 0.1 0.1 0.25 0.3 10 0.1 0.1 0.25 0.3 10 0.1 0.1 0.25 0.3 10 0.1 0.1 0.25 0.3 10 0.1 0.1 0.25 0.3 10 0.1 0.1 0.25 0.3 10 0.1 0.1 0.25 0.3 10 0.1
RN3 l 13 0.2 1 0.33 10 0.1 0.25 0.3 0.25 0.3 10 0.1 0.1 0.25 0.3 10 0.1 0.1 0.25 0.3 10 0.1 0.1 0.25 0.3 10 0.1 0.1 0.25 0.3 10 0.1 0.1 0.25 0.3 10 0.1 0.1 0.25 0.3 10 0.1 0.1 0.25 0.3 10 0.1 0.1 0.25 0.3 10 0.1 0.1 0.25 0.3 10 0.1 0.1 0.25 0.3 10 0.1 0.1 0.25 0.3 10 0.1 0.1 0.25 0.3 10 0.1 0.1 0.25 0.3 10 0.1
RN4 l 9 1.22 1 2 10 0.1 0.25 0.3 0.25 0.3 10 0.1 0.1 0.25 0.3 10 0.1 0.1 0.25 0.3 10 0.1 0.1 0.25 0.3 10 0.1 0.1 0.25 0.3 10 0.1 0.1 0.25 0.3 10 0.1 0.1 0.25 0.3 10 0.1 0.1 0.25 0.3 10 0.1 0.1 0.25 0.3 10 0.1 0.1 0.25 0.3 10 0.1 0.1 0.25 0.3 10 0.1 0.1 0.25 0.3 10 0.1 0.1 0.25 0.3 10 0.1 0.1 0.25 0.3 10 0.1
RN5 l 5 0.2 0.3 0.5 10 0.1 0.25 0.3 0.25 0.3 10 0.1 0.1 0.25 0.3 10 0.1 0.1 0.25 0.3 10 0.1 0.1 0.25 0.3 10 0.1 0.1 0.25 0.3 10 0.1 0.1 0.25 0.3 10 0.1 0.1 0.25 0.3 10 0.1 0.1 0.25 0.3 10 0.1 0.1 0.25 0.3 10 0.1 0.1 0.25 0.3 10 0.1 0.1 0.25 0.3 10 0.1 0.1 0.25 0.3 10 0.1 0.1 0.25 0.3 10 0.1 0.1 0.25 0.3 10 0.1

QN0 r 10 0.1 0.2 0.3 10 0.1 0.25 0.3 0.25 0.3 10 0.1 0.1 0.25 0.3 10 0.1 0.1 0.25 0.3 10 0.1 0.1 0.25 0.3 10 0.1 0.1 0.25 0.3 10 0.1 0.1 0.25 0.3 10 0.1 0.1 0.25 0.3 10 0.1 0.1 0.25 0.3 10 0.1 0.1 0.25 0.3 10 0.1 0.1 0.25 0.3 10 0.1 0.1 0.25 0.3 10 0.1 0.1 0.25 0.3 10 0.1 0.1 0.25 0.3 10 0.1 0.1 0.25 0.3 10 0.1
QN1 l 15 1 0.075 1.23 10 0.1 0.25 0.3 0.25 0.3 10 0.1 0.1 0.25 0.3 10 0.1 0.1 0.25 0.3 10 0.1 0.1 0.25 0.3 10 0.1 0.1 0.25 0.3 10 0.1 0.1 0.25 0.3 10 0.1 0.1 0.25 0.3 10 0.1 0.1 0.25 0.3 10 0.1 0.1 0.25 0.3 10 0.1 0.1 0.25 0.3 10 0.1 0.1 0.25 0.3 10 0.1 0.1 0.25 0.3 10 0.1 0.1 0.25 0.3 10 0.1 0.1 0.25 0.3 10 0.1
QN2 l 11 1.75 0.69 0.9 10 0.1 0.25 0.3 0.25 0.3 10 0.1 0.1 0.25 0.3 10 0.1 0.1 0.25 0.3 10 0.1 0.1 0.25 0.3 10 0.1 0.1 0.25 0.3 10 0.1 0.1 0.25 0.3 10 0.1 0.1 0.25 0.3 10 0.1 0.1 0.25 0.3 10 0.1 0.1 0.25 0.3 10 0.1 0.1 0.25 0.3 10 0.1 0.1 0.25 0.3 10 0.1 0.1 0.25 0.3 10 0.1 0.1 0.25 0.3 10 0.1 0.1 0.25 0.3 10 0.1
QN3 l 8 0.97 0.8 0.7 10 0.1 0.25 0.3 0.25 0.3 10 0.1 0.1 0.25 0.3 10 0.1 0.1 0.25 0.3 10 0.1 0.1 0.25 0.3 10 0.1 0.1 0.25 0.3 10 0.1 0.1 0.25 0.3 10 0.1 0.1 0.25 0.3 10 0.1 0.1 0.25 0.3 10 0.1 0.1 0.25 0.3 10 0.1 0.1 0.25 0.3 10 0.1 0.1 0.25 0.3 10 0.1 0.1 0.25 0.3 10 0.1 0.1 0.25 0.3 10 0.1 0.1 0.25 0.3 10 0.1
QN4 l 7 3 1.31 2 10 0.1 0.25 0.3 0.25 0.3 10 0.1 0.1 0.25 0.3 10 0.1 0.1 0.25 0.3 10 0.1 0.1 0.25 0.3 10 0.1 0.1 0.25 0.3 10 0.1 0.1 0.25 0.3 10 0.1 0.1 0.25 0.3 10 0.1 0.1 0.25 0.3 10 0.1 0.1 0.25 0.3 10 0.1 0.1 0.25 0.3 10 0.1 0.1 0.25 0.3 10 0.1 0.1 0.25 0.3 10 0.1 0.1 0.25 0.3 10 0.1 0.1 0.25 0.3 10 0.1
QN5 l 10 0.2 0.3 0.5 10 0.1 0.25 0.3 0.25 0.3 10 0.1 0.1 0.25 0.3 10 0.1 0.1 0.25 0.3 10 0.1 0.1 0.25 0.3 10 0.1 0.1 0.25 0.3 10 0.1 0.1 0.25 0.3 10 0.1 0.1 0.25 0.3 10 0.1 0.1 0.25 0.3 10 0.1 0.1 0.25 0.3 10 0.1 0.1 0.25 0.3 10 0.1 0.1 0.25 0.3 10 0.1 0.1 0.25 0.3 10 0.1 0.1 0.25 0.3 10 0.1 0.1 0.25 0.3 10 0.1

PN0 r 10 0.1 0.25 0.3 10 0.1 0.25 0.3 0.25 0.3 10 0.1 0.1 0.25 0.3 10 0.1 0.1 0.25 0.3 10 0.1 0.1 0.25 0.3 10 0.1 0.1 0.25 0.3 10 0.1 0.1 0.25 0.3 10 0.1 0.1 0.25 0.3 10 0.1 0.1 0.25 0.3 10 0.1 0.1 0.25 0.3 10 0.1 0.1 0.25 0.3 10 0.1 0.1 0.25 0.3 10 0.1 0.1 0.25 0.3 10 0.1 0.1 0.25 0.3 10 0.1 0.1 0.25 0.3 10 0.1
PN1 l 10 0.2 0.3 0.5 10 0.1 0.25 0.3 0.25 0.3 10 0.1 0.1 0.25 0.3 10 0.1 0.1 0.25 0.3 10 0.1 0.1 0.25 0.3 10 0.1 0.1 0.25 0.3 10 0.1 0.1 0.25 0.3 10 0.1 0.1 0.25 0.3 10 0.1 0.1 0.25 0.3 10 0.1 0.1 0.25 0.3 10 0.1 0.1 0.25 0.3 10 0.1 0.1 0.25 0.3 10 0.1 0.1 0.25 0.3 10 0.1 0.1 0.25 0.3 10 0.1 0.1 0.25 0.3 10 0.1
PN2 L 6 1.87 0.2 0.3 10 0.1 0.25 0.3 0.25 0.3 10 0.1 0.1 0.25 0.3 10 0.1 0.1 0.25 0.3 10 0.1 0.1 0.25 0.3 10 0.1 0.1 0.25 0.3 10 0.1 0.1 0.25 0.3 10 0.1 0.1 0.25 0.3 10 0.1 0.1 0.25 0.3 10 0.1 0.1 0.25 0.3 10 0.1 0.1 0.25 0.3 10 0.1 0.1 0.25 0.3 10 0.1 0.1 0.25 0.3 10 0.1 0.1 0.25 0.3 10 0.1 0.1 0.25 0.3 10 0.1
PN3 l 25 2.2 1.5 3 10 0.1 0.25 0.3 0.25 0.3 10 0.1 0.1 0.25 0.3 10 0.1 0.1 0.25 0.3 10 0.1 0.1 0.25 0.3 10 0.1 0.1 0.25 0.3 10 0.1 0.1 0.25 0.3 10 0.1 0.1 0.25 0.3 10 0.1 0.1 0.25 0.3 10 0.1 0.1 0.25 0.3 10 0.1 0.1 0.25 0.3 10 0.1 0.1 0.25 0.3 10 0.1 0.1 0.25 0.3 10 0.1 0.1 0.25 0.3 10 0.1 0.1 0.25 0.3 10 0.1
PN4 l 15 0.5 0.6 0.78 10 0.1 0.25 0.3 0.25 0.3 10 0.1 0.1 0.25 0.3 10 0.1 0.1 0.25 0.3 10 0.1 0.1 0.25 0.3 10 0.1 0.1 0.25 0.3 10 0.1 0.1 0.25 0.3 10 0.1 0.1 0.25 0.3 10 0.1 0.1 0.25 0.3 10 0.1 0.1 0.25 0.3 10 0.1 0.1 0.25 0.3 10 0.1 0.1 0.25 0.3 10 0.1 0.1 0.25 0.3 10 0.1 0.1 0.25 0.3 10 0.1 0.1 0.25 0.3 10 0.1
PN5 l 8 0.1 0.2 0.3 10 0.1 0.25 0.3 0.25 0.3 10 0.1 0.1 0.25 0.3 10 0.1 0.1 0.25 0.3 10 0.1 0.1 0.25 0.3 10 0.1 0.1 0.25 0.3 10 0.1 0.1 0.25 0.3 10 0.1 0.1 0.25 0.3 10 0.1 0.1 0.25 0.3 10 0.1 0.1 0.25 0.3 10 0.1 0.1 0.25 0.3 10 0.1 0.1 0.25 0.3 10 0.1 0.1 0.25 0.3 10 0.1 0.1 0.25 0.3 10 0.1 0.1 0.25 0.3 10 0.1

ON0 l 10 0 0.1 0.5 10 0.1 0.25 0.3 0.25 0.3 10 0.1 0.1 0.25 0.3 10 0.1 0.1 0.25 0.3 10 0.1 0.1 0.25 0.3 10 0.1 0.1 0.25 0.3 10 0.1 0.1 0.25 0.3 10 0.1 0.1 0.25 0.3 10 0.1 0.1 0.25 0.3 10 0.1 0.1 0.25 0.3 10 0.1 0.1 0.25 0.3 10 0.1 0.1 0.25 0.3 10 0.1 0.1 0.25 0.3 10 0.1 0.1 0.25 0.3 10 0.1 0.1 0.25 0.3 10 0.1
ON1 l 2 0.1 0.5 0.9 10 0.1 0.25 0.3 0.25 0.3 10 0.1 0.1 0.25 0.3 10 0.1 0.1 0.25 0.3 10 0.1 0.1 0.25 0.3 10 0.1 0.1 0.25 0.3 10 0.1 0.1 0.25 0.3 10 0.1 0.1 0.25 0.3 10 0.1 0.1 0.25 0.3 10 0.1 0.1 0.25 0.3 10 0.1 0.1 0.25 0.3 10 0.1 0.1 0.25 0.3 10 0.1 0.1 0.25 0.3 10 0.1 0.1 0.25 0.3 10 0.1 0.1 0.25 0.3 10 0.1
ON2 l 13 0.2 0.3 0.5 10 0.1 0.25 0.3 0.25 0.3 10 0.1 0.1 0.25 0.3 10 0.1 0.1 0.25 0.3 10 0.1 0.1 0.25 0.3 10 0.1 0.1 0.25 0.3 10 0.1 0.1 0.25 0.3 10 0.1 0.1 0.25 0.3 10 0.1 0.1 0.25 0.3 10 0.1 0.1 0.25 0.3 10 0.1 0.1 0.25 0.3 10 0.1 0.1 0.25 0.3 10 0.1 0.1 0.25 0.3 10 0.1 0.1 0.25 0.3 10 0.1 0.1 0.25 0.3 10 0.1
ON3 l 13 0.2 1 0.33 10 0.1 0.25 0.3 0.25 0.3 10 0.1 0.1 0.25 0.3 10 0.1 0.1 0.25 0.3 10 0.1 0.1 0.25 0.3 10 0.1 0.1 0.25 0.3 10 0.1 0.1 0.25 0.3 10 0.1 0.1 0.25 0.3 10 0.1 0.1 0.25 0.3 10 0.1 0.1 0.25 0.3 10 0.1 0.1 0.25 0.3 10 0.1 0.1 0.25 0.3 10 0.1 0.1 0.25 0.3 10 0.1 0.1 0.25 0.3 10 0.1 0.1 0.25 0.3 10 0.1
ON4 l 9 1.22 1 2 10 0.1 0.25 0.3 0.25 0.3 10 0.1 0.1 0.25 0.3 10 0.1 0.1 0.25 0.3 10 0.1 0.1 0.25 0.3 10 0.1 0.1 0.25 0.3 10 0.1 0.1 0.25 0.3 10 0.1 0.1 0.25 0.3 10 0.1 0.1 0.25 0.3 10 0.1 0.1 0.25 0.3 10 0.1 0.1 0.25 0.3 10 0.1 0.1 0.25 0.3 10 0.1 0.1 0.25 0.3 10 0.1 0.1 0.25 0.3 10 0.1 0.1 0.25 0.3 10 0.1
ON5 l 5 0.2 0.3 0.5 10 0.1 0.25 0.3 0.25 0.3 10 0.1 0.1 0.25 0.3 10 0.1 0.1 0.25 0.3 10 0.1 0.1 0.25 0.3 10 0.1 0.1 0.25 0.3 10 0.1 0.1 0.25 0.3 10 0.1 0.1 0.25 0.3 10 0.1 0.1 0.25 0.3 10 0.1 0.1 0.25 0.3 10 0.1 0.1 0.25 0.3 10 0.1 0.1 0.25 0.3 10 0.1 0.1 0.25 0.3 10 0.1 0.1 0.25 0.3 10 0.1 0.1 0.25 0.3 10 0.1

NN0 r 10 0.1 0.2 0.3 10 0.1 0.25 0.3 0.25 0.3 10 0.1 0.1 0.25 0.3 10 0.1 0.1 0.25 0.3 10 0.1 0.1 0.25 0.3 10 0.1 0.1 0.25 0.3 10 0.1 0.1 0.25 0.3 10 0.1 0.1 0.25 0.3 10 0.1 0.1 0.25 0.3 10 0.1 0.1 0.25 0.3 10 0.1 0.1 0.25 0.3 10 0.1 0.1 0.25 0.3 10 0.1 0.1 0.25 0.3 10 0.1 0.1 0.25 0.3 10 0.1 0.1 0.25 0.3 10 0.1
NN1 l 15 1 0.075 1.23 10 0.1 0.25 0.3 0.25 0.3 10 0.1 0.1 0.25 0.3 10 0.1 0.1 0.25 0.3 10 0.1 0.1 0.25 0.3 10 0.1 0.1 0.25 0.3 10 0.1 0.1 0.25 0.3 10 0.1 0.1 0.25 0.3 10 0.1 0.1 0.25 0.3 10 0.1 0.1 0.25 0.3 10 0.1 0.1 0.25 0.3 10 0.1 0.1 0.25 0.3 10 0.1 0.1 0.25 0.3 10 0.1 0.1 0.25 0.3 10 0.1 0.1 0.25 0.3 10 0.1
NN2 l 11 1.75 0.69 0.9 10 0.1 0.25 0.3 0.25 0.3 10 0.1 0.1 0.25 0.3 10 0.1 0.1 0.25 0.3 10 0.1 0.1 0.25 0.3 10 0.1 0.1 0.25 0.3 10 0.1 0.1 0.25 0.3 10 0.1 0.1 0.25 0.3 10 0.1 0.1 0.25 0.3 10 0.1 0.1 0.25 0.3 10 0.1 0.1 0.25 0.3 10 0.1 0.1 0.25 0.3 10 0.1 0.1 0.25 0.3 10 0.1 0.1 0.25 0.3 10 0.1 0.1 0.25 0.3 10 0.1
NN3 l 8 0.97 0.8 0.7 10 0.1 0.25 0.3 0.25 0.3 10 0.1 0.1 0.25 0.3 10 0.1 0.1 0.25 0.3 10 0.1 0.1 0.25 0.3 10 0.1 0.1 0.25 0.3 10 0.1 0.1 0.25 0.3 10 0.1 0.1 0.25 0.3 10 0.1 0.1 0.25 0.3 10 0.1 0.1 0.25 0.3 10 0.1 0.1 0.25 0.3 10 0.1 0.1 0.25 0.3 10 0.1 0.1 0.25 0.3 10 0.1 0.1 0.25 0.3 10 0.1 0.1 0.25 0.3 10 0.1
NN4 l 7 3 1.31 2 10 0.1 0.25 0.3 0.25 0.3 10 0.1 0.1 0.25 0.3 10 0.1 0.1 0.25 0.3 10 0.1 0.1 0.25 0.3 10 0.1 0.1 0.25 0.3 10 0.1 0.1 0.25 0.3 10 0.1 0.1 0.25 0.3 10 0.1 0.1 0.25 0.3 10 0.1 0.1 0.25 0.3 10 0.1 0.1 0.25 0.3 10 0.1 0.1 0.25 0.3 10 0.1 0.1 0.25 0.3 10 0.1 0.1 0.25 0.3 10 0.1 0.1 0.25 0.3 10 0.1
NN5 l 10 0.2 0.3 0.5 10 0.1 0.25 0.3 0.25 0.3 10 0.1 0.1 0.25 0.3 10 0.1 0.1 0.25 0.3 10 0.1 0.1 0.25 0.3 10 0.1 0.1 0.25 0.3 10 0.1 0.1 0.25 0.3 10 0.1 0.1 0.25 0.3 10 0.1 0.1 0.25 0.3 10 0.1 0.1 0.25 0.3 10 0.1 0.1 0.25 0.3 10 0.1 0.1 0.25 0.3 10 0.1 0.1 0.25 0.3 10 0.1 0.1 0.25 0.3 10 0.1 0.1 0.25 0.3 10 0.1

MN0 r 10 0.1 0.25 0.3 10 0.1 0.25 0.3 0.25 0.3 10 0.1 0.1 0.25 0.3 10 0.1 0.1 0.25 0.3 10 0.1 0.1 0.25 0.3 10 0.1 0.1 0.25 0.3 10 0.1 0.1 0.25 0.3 10 0.1 0.1 0.25 0.3 10 0.1 0.1 0.25 0.3 10 0.1 0.1 0.25 0.3 10 0.1 0.1 0.25 0.3 10 0.1 0.1 0.25 0.3 10 0.1 0.1 0.25 0.3 10 0.1 0.1 0.25 0.3 10 0.1 0.1 0.25 0.3 10 0.1
MN1 l 10 0.2 0.3 0.5 10 0.1 0.25 0.3 0.25 0.3 10 0.1 0.1 0.25 0.3 10 0.1 0.1 0.25 0.3 10 0.1 0.1 0.25 0.3 10 0.1 0.1 0.25 0.3 10 0.1 0.1 0.25 0.3 10 0.1 0.1 0.25 0.3 10 0.1 0.1 0.25 0.3 10 0.1 0.1 0.25 0.3 10 0.1 0.1 0.25 0.3 10 0.1 0.1 0.25 0.3 10 0.1 0.1 0.25 0.3 10 0.1 0.1 0.25 0.3 10 0.1 0.1 0.25 0.3 10 0.1
MN2 L 6 1.87 0.2 0.3 10 0.1 0.25 0.3 0.25 0.3 10 0.1 0.1 0.25 0.3 10 0.1 0.1 0.25 0.3 10 0.1 0.1 0.25 0.3 10 0.1 0.1 0.25 0.3 10 0.1 0.1 0.25 0.3 10 0.1 0.1 0.25 0.3 10 0.1 0.1 0.25 0.3 10 0.1 0.1 0.25 0.3 10 0.1 0.1 0.25 0.3 10 0.1 0.1 0.25 0.3 10 0.1 0.1 0.25 0.3 10 0.1 0.1 0.25 0.3 10 0.1 0.1 0.25 0.3 10 0.1
MN3 l 25 2.2 1.5 3 10 0.1 0.25 0.3 0.25 0.3 10 0.1 0.1 0.25 0.3 10 0.1 0.1 0.25 0.3 10 0.1 0.1 0.25 0.3 10 0.1 0.1 0.25 0.3 10 0.1 0.1 0.25 0.3 10 0.1 0.1 0.25 0.3 10 0.1 0.1 0.25 0.3 10 0.1 0.1 0.25 0.3 10 0.1 0.1 0.25 0.3 10 0.1 0.1 0.25 0.3 10 0.1 0.1 0.25 0.3 10 0.1 0.1 0.25 0.3 10 0.1 0.1 0.25 0.3 10 0.1
MN4 l 15 0.5 0.6 0.78 10 0.1 0.25 0.3 0.25 0.3 10 0.1 0.1 0.25 0.3 10 0.1 0.1 0.25 0.3 10 0.1 0.1 0.25 0.3 10 0.1 0.1 0.25 0.3 10 0.1 0.1 0.25 0.3 10 0.1 0.1 0.25 0.3 10 0.1 0.1 0.25 0.3 10 0.1 0.1 0.25 0.3 10 0.1 0.1 0.25 0.3 10 0.1 0.1 0.25 0.3 10 0.1 0.1 0.25 0.3 10 0.1 0.1 0.25 0.3 10 0.1 0.1 0.25 0.3 10 0.1
MN5 l 8 0.1 0.2 0.3 10 0.1 0.25 0.3 0.25 0.3 10 0.1 0.1 0.25 0.3 10 0.1 0.1 0.25 0.3 10 0.1 0.1 0.25 0.3 10 0.1 0.1 0.25 0.3 10 0.1 0.1 0.25 0.3 10 0.1 0.1 0.25 0.3 10 0.1 0.1 0.25 0.3 10 0.1 0.1 0.25 0.3 10 0.1 0.1 0.25 0.3 10 0.1 0.1 0.25 0.3 10 0.1 0.1 0.25 0.3 10 0.1 0.1 0.25 0.3 10 0.1 0.1 0.25 0.3 10 0.1

LN0 l 10 0 0.1 0.5 10 0.1 0.25 0.3 0.25 0.3 10 0.1 0.1 0.25 0.3 10 0.1 0.1 0.25 0.3 10 0.1 0.1 0.25 0.3 10 0.1 0.1 0.25 0.3 10 0.1 0.1 0.25 0.3 10 0.1 0.1 0.25 0.3 10 0.1 0.1 0.25 0.3 10 0.1 0.1 0.25 0.3 10 0.1 0.1 0.25 0.3 10 0.1 0.1 0.25 0.3 10 0.1 0.1 0.25 0.3 10 0.1 0.1 0.25 0.3 10 0.1 0.1 0.25 0.3 10 0.1
LN1 l 2 0.1 0.5 0.9 10 0.1 0.25 0.3 0.25 0.3 10 0.1 0.1 0.25 0.3 10 0.1 0.1 0.25 0.3 10 0.1 0.1 0.25 0.3 10 0.1 0.1 0.25 0.3 10 0.1 0.1 0.25 0.3 10 0.1 0.1 0.25 0.3 10 0.1 0.1 0.25 0.3 10 0.1 0.1 0.25 0.3 10 0.1 0.1 0.25 0.3 10 0.1 0.1 0.25 0.3 10 0.1 0.1 0.25 0.3 10 0.1 0.1 0.25 0.3 10 0.1 0.1 0.25 0.3 10 0.1
LN2 l 13 0.2 0.3 0.5 10 0.1 0.25 0.3 0.25 0.3 10 0.1 0.1 0.25 0.3 10 0.1 0.1 0.25 0.3 10 0.1 0.1 0.25 0.3 10 0.1 0.1 0.25 0.3 10 0.1 0.1 0.25 0.3 10 0.1 0.1 0.25 0.3 10 0.1 0.1 0.25 0.3 10 0.1 0.1 0.25 0.3 10 0.1 0.1 0.25 0.3 10 0.1 0.1 0.25 0.3 10 0.1 0.1 0.25 0.3 10 0.1 0.1 0.25 0.3 10 0.1 0.1 0.25 0.3 10 0.1
LN3 l 13 0.2 1 0.33 10 0.1 0.25 0.3 0.25 0.3 10 0.1 0.1 0.25 0.3 10 0.1 0.1 0.25 0.3 10 0.1 0.1 0.25 0.3 10 0.1 0.1 0.25 0.3 10 0.1 0.1 0.25 0.3 10 0.1 0.1 0.25 0.3 10 0.1 0.1 0.25 0.3 10 0.1 0.1 0.25 0.3 10 0.1 0.1 0.25 0.3 10 0.1 0.1 0.25 0.3 10 0.1 0.1 0.25 0.3 10 0.1 0.1 0.25 0.3 10 0.1 0.1 0.25 0.3 10 0.1
LN4 l 9 1.22 1 2 10 0.1 0.25 0.3 0.25 0.3 10 0.1 0.1 0.25 0.3 10 0.1 0.1 0.25 0.3 10 0.1 0.1 0.25 0.3 10 0.1 0.1 0.25 0.3 10 0.1 0.1 0.25 0.3 10 0.1 0.1 0.25 0.3 10 0.1 0.1 0.25 0.3 10 0.1 0.1 0.25 0.3 10 0.1 0.1 0.25 0.3 10 0.1 0.1 0.25 0.3 10 0.1 0.1 0.25 0.3 10 0.1 0.1 0.25 0.3 10 0.1 0.1 0.25 0.3 10 0.1
LN5 l 5 0.2 0.3 0.5 10 0.1 0.25 0.3 0.25 0.3 10 0.1 0.1 0.25 0.3 10 0.1 0.1 0.25 0.3 10 0.1 0.1 0.25 0.3 10 0.1 0.1 0.25 0.3 10 0.1 0.1 0.25 0.3 10 0.1 0.1 0.25 0.3 10 0.1 0.1 0.25 0.3 10 0.1 0.1 0.25 0.3 10 0.1 0.1 0.25 0.3 10 0.1 0.1 0.25 0.3 10 0.1 0.1 0.25 0.3 10 0.1 0.1 0.25 0.3 10 0.1 0.1 0.25 0.3 10 0.1

KN0 r 10 0.1 0.2 0.3 10 0.1 0.25 0.3 0.25 0.3 10 0.1 0.1 0.25 0.3 10 0.1 0.1 0.25 0.3 10 0.1 0.1 0.25 0.3 10 0.1 0.1 0.25 0.3 10 0.1 0.1 0.25 0.3 10 0.1 0.1 0.25 0.3 10 0.1 0.1 0.25 0.3 10 0.1 0.1 0.25 0.3 10 0.1 0.1 0.25 0.3 10 0.1 0.1 0.25 0.3 10 0.1 0.1 0.25 0.3 10 0.1 0.1 0.25 0.3 10 0.1 0.1 0.25 0.3 10 0.1
KN1 l 15 1 0.075 1.23 10 0.1 0.25 0.3 0.25 0.3 10 0.1 0.1 0.25 0.3 10 0.1 0.1 0.25 0.3 10 0.1 0.1 0.25 0.3 10 0.1 0.1 0.25 0.3 10 0.1 0.1 0.25 0.3 10 0.1 0.1 0.25 0.3 10 0.1 0.1 0.25 0.3 10 0.1 0.1 0.25 0.3 10 0.1 0.1 0.25 0.3 10 0.1 0.1 0.25 0.3 10 0.1 0.1 0.25 0.3 10 0.1 0.1 0.25 0.3 10 0.1 0.1 0.25 0.3 10 0.1
KN2 l 11 1.75 0.69 0.9 10 0.1 0.25 0.3 0.25 0.3 10 0.1 0.1 0.25 0.3 10 0.1 0.1 0.25 0.3 10 0.1 0.1 0.25 0.3 10 0.1 0.1 0.25 0.3 10 0.1 0.1 0.25 0.3 10 0.1 0.1 0.25 0.3 10 0.1 0.1 0.25 0.3 10 0.1 0.1 0.25 0.3 10 0.1 0.1 0.25 0.3 10 0.1 0.1 0.25 0.3 10 0.1 0.1 0.25 0.3 10 0.1 0.1 0.25 0.3 10 0.1 0.1 0.25 0.3 10 0.1
KN3 l 8 0.97 0.8 0.7 10 0.1 0.25 0.3 0.25 0.3 10 0.1 0.1 0.25 0.3 10 0.1 0.1 0.25 0.3 10 0.1 0.1 0.25 0.3 10 0.1 0.1 0.25 0.3 10 0.1 0.1 0.25 0.3 10 0.1 0.1 0.25 0.3 10 0.1 0.1 0.25 0.3 10 0.1 0.1 0.25 0.3 10 0.1 0.1 0.25 0.3 10 0.1 0.1 0.25 0.3 10 0.1 0.1 0.25 0.3 10 0.1 0.1 0.25 0.3 10 0.1 0.1 0.25 0.3 10 0.1
KN4 l 7 3 1.31 2 10 0.1 0.25 0.3 0.25 0.3 10 0.1 0.1 0.25 0.3 10 0.1 0.1 0.25 0.3 10 0.1 0.1 0.25 0.3 10 0.1 0.1 0.25 0.3 10 0.1 0.1 0.25 0.3 10 0.1 0.1 0.25 0.3 10 0.1 0.1 0.25 0.3 10 0.1 0.1 0.25 0.3 10 0.1 0.1 0.25 0.3 10 0.1 0.1 0.25 0.3 10 0.1 0.1 0.25 0.3 10 0.1 0.1 0.25 0.3 10 0.1 0.1 0.25 0.3 10 0.1
KN5 l 10 0.2 0.3 0.5 10 0.1 0.25 0.3 0.25 0.3 10 0.1 0.1 0.25 0.3 10 0.1 0.1 0.25 0.3 10 0.1 0.1 0.25 0.3 10 0.1 0.1 0.25 0.3 10 0.1 0.1 0.25 0.3 10 0.1 0.1 0.25 0.3 10 0.1 0.1 0.25 0.3 10 0.1 0.1 0.25 0.3 10 0.1 0.1 0.25 0.3 10 0.1 0.1 0.25 0.3 10 0.1 0.1 0.25 0.3 10 0.1 0.1 0.25 0.3 10 0.1 0.1 0.25 0.3 10 0.1

JN0 r 10 0.1 0.25 0.3 10 0.1 0.25 0.3 0.25 0.3 10 0.1 0.1 0.25 0.3 10 0.1 0.1 0.25 0.3 10 0.1 0.1 0.25 0.3 10 0.1 0.1 0.25 0.3 10 0.1 0.1 0.25 0.3 10 0.1 0.1 0.25 0.3 10 0.1 0.1 0.25 0.3 10 0.1 0.1 0.25 0.3 10 0.1 0.1 0.25 0.3 10 0.1 0.1 0.25 0.3 10 0.1 0.1 0.25 0.3 10 0.1 0.1 0.25 0.3 10 0.1 0.1 0.25 0.3 10 0.1
JN1 l 10 0.2 0.3 0.5 10 0.1 0.25 0.3 0.25 0.3 10 0.1 0.1 0.25 0.3 10 0.1 0.1 0.25 0.3 10 0.1 0.1 0.25 0.3 10 0.1 0.1 0.25 0.3 10 0.1 0.1 0.25 0.3 10 0.1 0.1 0.25 0.3 10 0.1 0.1 0.25 0.3 10 0.1 0.1 0.25 0.3 10 0.1 0.1 0.25 0.3 10 0.1 0.1 0.25 0.3 10 0.1 0.1 0.25 0.3 10 0.1 0.1 0.25 0.3 10 0.1 0.1 0.25 0.3 10 0.1
JN2 L 6 1.87 0.2 0.3 10 0.1 0.25 0.3 0.25 0.3 10 0.1 0.1 0.25 0.3 10 0.1 0.1 0.25 0.3 10 0.1 0.1 0.25 0.3 10 0.1 0.1 0.25 0.3 10 0.1 0.1 0.25 0.3 10 0.1 0.1 0.25 0.3 10 0.1 0.1 0.25 0.3 10 0.1 0.1 0.25 0.3 10 0.1 0.1 0.25 0.3 10 0.1 0.1 0.25 0.3 10 0.1 0.1 0.25 0.3 10 0.1 0.1 0.25 0.3 10 0.1 0.1 0.25 0.3 10 0.1
JN3 l 25 2.2 1.5 3 10 0.1 0.25 0.3 0.25 0.3 10 0.1 0.1 0.25 0.3 10 0.1 0.1 0.25 0.3 10 0.1 0.1 0.25 0.3 10 0.1 0.1 0.25 0.3 10 0.1 0.1 0.25 0.3 10 0.1 0.1 0.25 0.3 10 0.1 0.1 0.25 0.3 10 0.1 0.1 0.25 0.3 10 0.1 0.1 0.25 0.3 10 0.1 0.1 0.25 0.3 10 0.1 0.1 0.25 0.3 10 0.1 0.1 0.25 0.3 10 0.1 0.1 0.25 0.3 10 0.1
JN4 l 15 0.5 0.6 0.78 10 0.1 0.25 0.3 0.25 0.3 10 0.1 0.1 0.25 0.3 10 0.1 0.1 0.25 0.3 10 0.1 0.1 0.25 0.3 10 0.1 0.1 0.25 0.3 10 0.1 0.1 0.25 0.3 10 0.1 0.1 0.25 0.3 10 0.1 0.1 0.25 0.3 10 0.1 0.1 0.25 0.3 10 0.1 0.1 0.25 0.3 10 0.1 0.1 0.25 0.3 10 0.1 0.1 0.25 0.3 10 0.1 0.1 0.25 0.3 10 0.1 0.1 0.25 0.3 10 0.1
JN5 l 8 0.1 0.2 0.3 10 0.1 0.25 0.3 0.25 0.3 10 0.1 0.1 0.25 0.3 10 0.1 0.1 0.25 0.3 10 0.1 0.1 0.25 0.3 10 0.1 0.1 0.25 0.3 10 0.1 0.1 0.25 0.3 10 0.1 0.1 0.25 0.3 10 0.1 0.1 0.25 0.3 10 0.1 0.1 0.25 0.3 10 0.1 0.1 0.25 0.3 10 0.1 0.1 0.25 0.3 10 0.1 0.1 0.25 0.3 10 0.1 0.1 0.25 0.3 10 0.1 0.1 0.25 0.3 10 0.1

IN0 l 10 0 0.1 0.5 10 0.1 0.25 0.3 0.25 0.3 10 0.1 0.1 0.25 0.3 10 0.1 0.1 0.25 0.3 10 0.1 0.1 0.25 0.3 10 0.1 0.1 0.25 0.3 10 0.1 0.1 0.25 0.3 10 0.1 0.1 0.25 0.3 10 0.1 0.1 0.25 0.3 10 0.1 0.1 0.25 0.3 10 0.1 0.1 0.25 0.3 10 0.1 0.1 0.25 0.3 10 0.1 0.1 0.25 0.3 10 0.1 0.1 0.25 0.3 10 0.1 0.1 0.25 0.3 10 0.1
IN1 l 2 0.1 0.5 0.9 10 0.1 0.25 0.3 0.25 0.3 10 0.1 0.1 0.25 0.3 10 0.1 0.1 0.25 0.3 10 0.1 0.1 0.25 0.3 10 0.1 0.1 0.25 0.3 10 0.1 0.1 0.25 0.3 10 0.1 0.1 0.25 0.3 10 0.1 0.1 0.25 0.3 10 0.1 0.1 0.25 0.3 10 0.1 0.1 0.25 0.3 10 0.1 0.1 0.25 0.3 10 0.1 0.1 0.25 0.3 10 0.1 0.1 0.25 0.3 10 0.1 0.1 0.25 0.3 10 0.1
IN2 l 13 0.2 0.3 0.5 10 0.1 0.25 0.3 0.25 0.3 10 0.1 0.1 0.25 0.3 10 0.1 0.1 0.25 0.3 10 0.1 0.1 0.25 0.3 10 0.1 0.1 0.25 0.3 10 0.1 0.1 0.25 0.3 10 0.1 0.1 0.25 0.3 10 0.1 0.1 0.25 0.3 10 0.1 0.1 0.25 0.3 10 0.1 0.1 0.25 0.3 10 0.1 0.1 0.25 0.3 10 0.1 0.1 0.25 0.3 10 0.1 0.1 0.25 0.3 10 0.1 0.1 0.25 0.3 10 0.1
IN3 l 13 0.2 1 0.33 10 0.1 0.25 0.3 0.25 0.3 10 0.1 0.1 0.25 0.3 10 0.1 0.1 0.25 0.3 10 0.1 0.1 0.25 0.3 10 0.1 0.1 0.25 0.3 10 0.1 0.1 0.25 0.3 10 0.1 0.1 0.25 0.3 10 0.1 0.1 0.25 0.3 10 0.1 0.1 0.25 0.3 10 0.1 0.1 0.25 0.3 10 0.1 0.1 0.25 0.3 10 0.1 0.1 0.25 0.3 10 0.1 0.1 0.25 0.3 10 0.1 0.1 0.25 0.3 10 0.1
IN4 l 9 1.22 1 2 10 0.1 0.25 0.3 0.25 0.3 10 0.1 0.1 0.25 0.3 10 0.1 0.1 0.25 0.3 10 0.1 0.1 0.25 0.3 10 0.1 0.1 0.25 0.3 10 0.1 0.1 0.25 0.3 10 0.1 0.1 0.25 0.3 10 0.1 0.1 0.25 0.3 10 0.1 0.1 0.25 0.3 10 0.1 0.1 0.25 0.3 10 0.1 0.1 0.25 0.3 10 0.1 0.1 0.25 0.3 10 0.1 0.1 0.25 0.3 10 0.1 0.1 0.25 0.3 10 0.1
IN5 l 5 0.2 0.3 0.5 10 0.1 0.25 0.3 0.25 0.3 10 0.1 0.1 0.25 0.3 10 0.1 0.1 0.25 0.3 10 0.1 0.1 0.25 0.3 10 0.1 0.1 0.25 0.3 10 0.1 0.1 0.25 0.3 10 0.1 0.1 0.25 0.3 10 0.1 0.1 0.25 0.3 10 0.1 0.1 0.25 0.3 10 0.1 0.1 0.25 0.3 10 0.1 0.1 0.25 0.3 10 0.1 0.1 0.25 0.3 10 0.1 0.1 0.25 0.3 10 0.1 0.1 0.25 0.3 10 0.1

HN0 r 10 0.1 0.2 0.3 10 0.1 0.25 0.3 0.25 0.3 10 0.1 0.1 0.25 0.3 10 0.1 0.1 0.25 0.3 10 0.1 0.1 0.25 0.3 10 0.1 0.1 0.25 0.3 10 0.1 0.1 0.25 0.3 10 0.1 0.1 0.25 0.3 10 0.1 0.1 0.25 0.3 10 0.1 0.1 0.25 0.3 10 0.1 0.1 0.25 0.3 10 0.1 0.1 0.25 0.3 10 0.1 0.1 0.25 0.3 10 0.1 0.1 0.25 0.3 10 0.1 0.1 0.25 0.3 10 0.1
HN1 l 15 1 0.075 1.23 10 0.1 0.25 0.3 0.25 0.3 10 0.1 0.1 0.25 0.3 10 0.1 0.1 0.25 0.3 10 0.1 0.1 0.25 0.3 10 0.1 0.1 0.25 0.3 10 0.1 0.1 0.25 0.3 10 0.1 0.1 0.25 0.3 10 0.1 0.1 0.25 0.3 10 0.1 0.1 0.25 0.3 10 0.1 0.1 0.25 0.3 10 0.1 0.1 0.25 0.3 10 0.1 0.1 0.25 0.3 10 0.1 0.1 0.25 0.3 10 0.1 0.1 0.25 0.3 10 0.1
HN2 l 11 1.75 0.69 0.9 10 0.1 0.25 0.3 0.25 0.3 10 0.1 0.1 0.25 0.3 10 0.1 0.1 0.25 0.3 10 0.1 0.1 0.25 0.3 10 0.1 0.1 0.25 0.3 10 0.1 0.1 0.25 0.3 10 0.1 0.1 0.25 0.3 10 0.1 0.1 0.25 0.3 10 0.1 0.1 0.25 0.3 10 0.1 0.1 0.25 0.3 10 0.1 0.1 0.25 0.3 10 0.1 0.1 0.25 0.3 10 0.1 0.1 0.25 0.3 10 0.1 0.1 0.25 0.3 10 0.1
HN3 l 8 0.97 0.8 0.7 10 0.1 0.25 0.3 0.25 0.3 10 0.1 0.1 0.25 0.3 10 0.1 0.1 0.25 0.3 10 0.1 0.1 0.25 0.3 10 0.1 0.1 0.25 0.3 10 0.1 0.1 0.25 0.3 10 0.1 0.1 0.25 0.3 10 0.1 0.1 0.25 0.3 10 0.1 0.1 0.25 0.3 10 0.1 0.1 0.25 0.3 10 0.1 0.1 0.25 0.3 10 0.1 0.1 0.25 0.3 10 0.1 0.1 0.25 0.3 10 0.1 0.1 0.25 0.3 10 0.1
HN4 l 7 3 1.31 2 10 0.1 0.25 0.3 0.25 0.3 10 0.1 0.1 0.25 0.3 10 0.1 0.1 0.25 0.3 10 0.1 0.1 0.25 0.3 10 0.1 0.1 0.25 0.3 10 0.1 0.1 0.25 0.3 10 0.1 0.1 0.25 0.3 10 0.1 0.1 0.25 0.3 10 0.1 0.1 0.25 0.3 10 0.1 0.1 0.25 0.3 10 0.1 0.1 0.25 0.3 10 0.1 0.1 0.25 0.3 10 0.1 0.1 0.25 0.3 10 0.1 0.1 0.25 0.3 10 0.1
HN5 l 10 0.2 0.3 0.5 10 0.1 0.25 0.3 0.25 0.3 10 0.1 0.1 0.25 0.3 10 0.1 0.1 0.25 0.3 10 0.1 0.1 0.25 0.3 10 0.1 0.1 0.25 0.3 10 0.1 0.1 0.25 0.3 10 0.1 0.1 0.25 0.3 10 0.1 0.1 0.25 0.3 10 0.1 0.1 0.25 0.3 10 0.1 0.1 0.25 0.3 10 0.1 0.1 0.25 0.3 10 0.1 0.1 0.25 0.3 10 0.1 0.1 0.25 0.3 10 0.1 0.1 0.25 0.3 10 0.1

GN0 r 10 0.1 0.25 0.3 10 0.1 0.25 0.3 0.25 0.3 10 0.1 0.1 0.25 0.3 10 0.1 0.1 0.25 0.3 10 0.1 0.1 0.25 0.3 10 0.1 0.1 0.25 0.3 10 0.1 0.1 0.25 0.3 10 0.1 0.1 0.25 0.3 10 0.1 0.1 0.25 0.3 10 0.1 0.1 0.25 0.3 10 0.1 0.1 0.25 0.3 10 0.1 0.1 0.25 0.3 10 0.1 0.1 0.25 0.3 10 0.1 0.1 0.25 0.3 10 0.1 0.1 0.25 0.3 10 0.1
GN1 l 10 0.2 0.3 0.5 10 0.1 0.25 0.3 0.25 0.3 10 0.1 0.1 0.25 0.3 10 0.1 0.1 0.25 0.3 10 0.1 0.1 0.25 0.3 10 0.1 0.1 0.25 0.3 10 0.1 0.1 0.25 0.3 10 0.1 0.1 0.25 0.3 10 0.1 0.1 0.25 0.3 10 0.1 0.1 0.25 0.3 10 0.1 0.1 0.25 0.3 10 0.1 0.1 0.25 0.3 10 0.1 0.1 0.25 0.3 10 0.1 0.1 0.25 0.3 10 0.1 0.1 0.25 0.3 10 0.1
GN2 L 6 1.87 0.2 0.3 10 0.1 0.25 0.3 0.25 0.3 10 0.1 0.1 0.25 0.3 10 0.1 0.1 0.25 0.3 10 0.1 0.1 0.25 0.3 10 0.1 0.1 0.25 0.3 10 0.1 0.1 0.25 0.3 10 0.1 0.1 0.25 0.3 10 0.1 0.1 0.25 0.3 10 0.1 0.1 0.25 0.3 10 0.1 0.1 0.25 0.3 10 0.1 0.1 0.25 0.3 10 0.1 0.1 0.25 0.3 10 0.1 0.1 0.25 0.3 10 0.1 0.1 0.25 0.3 10 0.1
GN3 l 25 2.2 1.5 3 10 0.1 0.25 0.3 0.25 0.3 10 0.1 0.1 0.25 0.3 10 0.1 0.1 0.25 0.3 10 0.1 0.1 0.25 0.3 10 0.1 0.1 0.25 0.3 10 0.1 0.1 0.25 0.3 10 0.1 0.1 0.25 0.3 10 0.1 0.1 0.25 0.3 10 0.1 0.1 0.25 0.3 10 0.1 0.1 0.25 0.3 10 0.1 0.1 0.25 0.3 10 0.1 0.1 0.25 0.3 10 0.1 0.1 0.25 0.3 10 0.1 0.1 0.25 0.3 10 0.1
GN4 l 15 0.5 0.6 0.78 10 0.1 0.25 0.3 0.25 0.3 10 0.1 0.1 0.25 0.3 10 0.1 0.1 0.25 0.3 10 0.1 0.1 0.25 0.3 10 0.1 0.1 0.25 0.3 10 0.1 0.1 0.25 0.3 10 0.1 0.1 0.25 0.3 10 0.1 0.1 0.25 0.3 10 0.1 0.1 0.25 0.3 10 0.1 0.1 0.25 0.3 10 0.1 0.1 0.25 0.3 10 0.1 0.1 0.25 0.3 10 0.1 0.1 0.25 0.3 10 0.1 0.1 0.25 0.3 10 0.1
GN5 l 8 0.1 0.2 0.3 10 0.1 0.25 0.3 0.25 0.3 10 0.1 0.1 0.25 0.3 10 0.1 0.1 0.25 0.3 10 0.1 0.1 0.25 0.3 10 0.1 0.1 0.25 0.3 10 0.1 0.1 0.25 0.3 10 0.1 0.1 0.25 0.3 10 0.1 0.1 0.25 0.3 10 0.1 0.1 0.25 0.3 10 0.1 0.1 0.25 0.3 10 0.1 0.1 0.25 0.3 10 0.1 0.1 0.25 0.3 10 0.1 0.1 0.25 0.3 10 0.1 0.1 0.25 0.3 10 0.1

FN0 l 10 0 0.1 0.5 10 0.1 0.25 0.3 0.25 0.3 10 0.1 0.1 0.25 0.3 10 0.1 0.1 0.25 0.3 10 0.1 0.1 0.25 0.3 10 0.1 0.1 0.25 0.3 10 0.1 0.1 0.25 0.3 10 0.1 0.1 0.25 0.3 10 0.1 0.1 0.25 0.3 10 0.1 0.1 0.25 0.3 10 0.1 0.1 0.25 0.3 10 0.1 0.1 0.25 0.3 10 0.1 0.1 0.25 0.3 10 0.1 0.1 0.25 0.3 10 0.1 0.1 0.25 0.3 10 0.1
FN1 l 2 0.1 0.5 0.9 10 0.1 0.25 0.3 0.25 0.3 10 0.1 0.1 0.25 0.3 10 0.1 0.1 0.25 0.3 10 0.1 0.1 0.25 0.3 10 0.1 0.1 0.25 0.3 10 0.1 0.1 0.25 0.3 10 0.1 0.1 0.25 0.3 10 0.1 0.1 0.25 0.3 10 0.1 0.1 0.25 0.3 10 0.1 0.1 0.25 0.3 10 0.1 0.1 0.25 0.3 10 0.1 0.1 0.25 0.3 10 0.1 0.1 0.25 0.3 10 0.1 0.1 0.25 0.3 10 0.1
FN2 l 13 0.2 0.3 0.5 10 0.1 0.25 0.3 0.25 0.3 10 0.1 0.1 0.25 0.3 10 0.1 0.1 0.25 0.3 10 0.1 0.1 0.25 0.3 10 0.1 0.1 0.25 0.3 10 0.1 0.1 0.25 0.3 10 0.1 0.1 0.25 0.3 10 0.1 0.1 0.25 0.3 10 0.1 0.1 0.25 0.3 10 0.1 0.1 0.25 0.3 10 0.1 0.1 0.25 0.3 10 0.1 0.1 0.25 0.3 10 0.1 0.1 0.25 0.3 10 0.1 0.1 0.25 0.3 10 0.1
FN3 l 13 0.2 1 0.33 10 0.1 0.25 0.3 0.25 0.3 10 0.1 0.1 0.25 0.3 10 0.1 0.1 0.25 0.3 10 0.1 0.1 0.25 0.3 10 0.1 0.1 0.25 0.3 10 0.1 0.1 0.25 0.3 10 0.1 0.1 0.25 0.3 10 0.1 0.1 0.25 0.3 10 0.1 0.1 0.25 0.3 10 0.1 0.1 0.25 0.3 10 0.1 0.1 0.25 0.3 10 0.1 0.1 0.25 0.3 10 0.1 0.1 0.25 0.3 10 0.1 0.1 0.25 0.3 10 0.1
FN4 l 9 1.22 1 2 10 0.1 0.25 0.3 0.25 0.3 10 0.1 0.1 0.25 0.3 10 0.1 0.1 0.25 0.3 10 0.1 0.1 0.25 0.3 10 0.1 0.1 0.25 0.3 10 0.1 0.1 0.25 0.3 10 0.1 0.1 0.25 0.3 10 0.1 0.1 0.25 0.3 10 0.1 0.1 0.25 0.3 10 0.1 0.1 0.25 0.3 10 0.1 0.1 0.25 0.3 10 0.1 0.1 0.25 0.3 10 0.1 0.1 0.25 0.3 10 0.1 0.1 0.25 0.3 10 0.1
FN5 l 5 0.2 0.3 0.5 10 0.1 0.25 0.3 0.25 0.3 10 0.1 0.1 0.25 0.3 10 0.1 0.1 0.25 0.3 10 0.1 0.1 0.25 0.3 10 0.1 0.1 0.25 0.3 10 0.1 0.1 0.25 0.3 10 0.1 0.1 0.25 0.3 10 0.1 0.1 0.25 0.3 10 0.1 0.1 0.25 0.3 10 0.1 0.1 0.25 0.3 10 0.1 0.1 0.25 0.3 10 0.1 0.1 0.25 0.3 10 0.1 0.1 0.25 0.3 10 0.1 0.1 0.25 0.3 10 0.1

EN0 r 10 0.1 0.2 0.3 10 0.1 0.25 0.3 0.25 0.3 10 0.1 0.1 0.25 0.3 10 0.1 0.1 0.25 0.3 10 0.1 0.1 0.25 0.3 10 0.1 0.1 0.25 0.3 10 0.1 0.1 0.25 0.3 10 0.1 0.1 0.25 0.3 10 0.1 0.1 0.25 0.3 10 0.1 0.1 0.25 0.3 10 0.1 0.1 0.25 0.3 10 0.1 0.1 0.25 0.3 10 0.1 0.1 0.25 0.3 10 0.1 0.1 0.25 0.3 10 0.1 0.1 0.25 0.3 10 0.1
EN1 l 15 1 0.075 1.23 10 0.1 0.25 0.3 0.25 0.3 10 0.1 0.1 0.25 0.3 10 0.1 0.1 0.25 0.3 10 0.1 0.1 0.25 0.3 10 0.1 0.1 0.25 0.3 10 0.1 0.1 0.25 0.3 10 0.1 0.1 0.25 0.3 10 0.1 0.1 0.25 0.3 10 0.1 0.1 0.25 0.3 10 0.1 0.1 0.25 0.3 10 0.1 0.1 0.25 0.3 10 0.1 0.1 0.25 0.3 10 0.1 0.1 0.25 0.3 10 0.1 0.1 0.25 0.3 10 0.1
EN2 l 11 1.75 0.69 0.9 10 0.1 0.25 0.3 0.25 0.3 10 0.1 0.1 0.25 0.3 10 0.1 0.1 0.25 0.3 10 0.1 0.1 0.25 0.3 10 0.1 0.1 0.25 0.3 10 0.1 0.1 0.25 0.3 10 0.1 0.1 0.25 0.3 10 0.1 0.1 0.25 0.3 10 0.1 0.1 0.25 0.3 10 0.1 0.1 0.25 0.3 10 0.1 0.1 0.25 0.3 10 0.1 0.1 0.25 0.3 10 0.1 0.1 0.25 0.3 10 0.1 0.1 0.25 0.3 10 0.1
EN3 l 8 0.97 0.8 0.7 10 0.1 0.25 0.3 0.25 0.3 10 0.1 0.1 0.25 0.3 10 0.1 0.1 0.25 0.3 10 0.1 0.1 0.25 0.3 10 0.1 0.1 0.25 0.3 10 0.1 0.1 0.25 0.3 10 0.1 0.1 0.25 0.3 10 0.1 0.1 0.25 0.3 10 0.1 0.1 0.25 0.3 10 0.1 0.1 0.25 0.3 10 0.1 0.1 0.25 0.3 10 0.1 0.1 0.25 0.3 10 0.1 0.1 0.25 0.3 10 0.1 0.1 0.25 0.3 10 0.1
EN4 l 7 3 1.31 2 10 0.1 0.25 0.3 0.25 0.3 10 0.1 0.1 0.25 0.3 10 0.1 0.1 0.25 0.3 10 0.1 0.1 0.25 0.3 10 0.1 0.1 0.25 0.3 10 0.1 0.1 0.25 0.3 10 0.1 0.1 0.25 0.3 10 0.1 0.1 0.25 0.3 10 0.1 0.1 0.25 0.3 10 0.1 0.1 0.25 0.3 10 0.1 0.1 0.25 0.3 10 0.1 0.1 0.25 0.3 10 0.1 0.1 0.25 0.3 10 0.1 0.1 0.25 0.3 10 0.1
EN5 l 10 0.2 0.3 0.5 10 0.1 0.25 0.3 0.25 0.3 10 0.1 0.1 0.25 0.3 10 0.1 0.1 0.25 0.3 10 0.1 0.1 0.25 0.3 10 0.1 0.1 0.25 0.3 10 0.1 0.1 0.25 0.3 10 0.1 0.1 0.25 0.3 10 0.1 0.1 0.25 0.3 10 0.1 0.1 0.25 0.3 10 0.1 0.1 0.25 0.3 10 0.1 0.1 0.25 0.3 10 0.1 0.1 0.25 0.3 10 0.1 0.1 0.25 0.3 10 0.1 0.1 0.25 0.3 10 0.1

DN0 r 10 0.1 0.25 0.3 10 0.1 0.25 0.3 0.25 0.3 10 0.1 0.1 0.25 0.3 10 0.1 0.1 0.25 0.3 10 0.1 0.1 0.25 0.3 10 0.1 0.1 0.25 0.3 10 0.1 0.1 0.25 0.3 10 0.1 0.1 0.25 0.3 10 0.1 0.1 0.25 0.3 10 0.1 0.1 0.25 0.3 10 0.1 0.1 0.25 0.3 10 0.1 0.1 0.25 0.3 10 0.1 0.1 0.25 0.3 10 0.1 0.1 0.25 0.3 10 0.1 0.1 0.25 0.3 10 0.1
DN1 l 10 0.2 0.3 0.5 10 0.1 0.25 0.3 0.25 0.3 10 0.1 0.1 0.25 0.3 10 0.1 0.1 0.25 0.3 10 0.1 0.1 0.25 0.3 10 0.1 0.1 0.25 0.3 10 0.1 0.1 0.25 0.3 10 0.1 0.1 0.25 0.3 10 0.1 0.1 0.25 0.3 10 0.1 0.1 0.25 0.3 10 0.1 0.1 0.25 0.3 10 0.1 0.1 0.25 0.3 10 0.1 0.1 0.25 0.3 10 0.1 0.1 0.25 0.3 10 0.1 0.1 0.25 0.3 10 0.1
DN2 L 6 1.87 0.2 0.3 10 0.1 0.25 0.3 0.25 0.3 10 0.1 0.1 0.25 0.3 10 0.1 0.1 0.25 0.3 10 0.1 0.1 0.25 0.3 10 0.1 0.1 0.25 0.3 10 0.1 0.1 0.25 0.3 10 0.1 0.1 0.25 0.3 10 0.1 0.1 0.25 0.3 10 0.1 0.1 0.25 0.3 10 0.1 0.1 0.25 0.3 10 0.1 0.1 0.25 0.3 10 0.1 0.1 0.25 0.3 10 0.1 0.1 0.25 0.3 10 0.1 0.1 0.25 0.3 10 0.1
DN3 l 25 2.2 1.5 3 10 0.1 0.25 0.3 0.25 0.3 10 0.1 0.1 0.25 0.3 10 0.1 0.1 0.25 0.3 10 0.1 0.1 0.25 0.3 10 0.1 0.1 0.25 0.3 10 0.1 0.1 0.25 0.3 10 0.1 0.1 0.25 0.3 10 0.1 0.1 0.25 0.3 10 0.1 0.1 0.25 0.3 10 0.1 0.1 0.25 0.3 10 0.1 0.1 0.25 0.3 10 0.1 0.1 0.25 0.3 10 0.1 0.1 0.25 0.3 10 0.1 0.1 0.25 0.3 10 0.1
DN4 l 15 0.5 0.6 0.78 10 0.1 0.25 0.3 0.25 0.3 10 0.1 0.1 0.25 0.3 10 0.1 0.1 0.25 0.3 10 0.1 0.1 0.25 0.3 10 0.1 0.1 0.25 0.3 10 0.1 0.1 0.25 0.3 10 0.1 0.1 0.25 0.3 10 0.1 0.1 0.25 0.3 10 0.1 0.1 0.25 0.3 10 0.1 0.1 0.25 0.3 10 0.1 0.1 0.25 0.3 10 0.1 0.1 0.25 0.3 10 0.1 0.1 0.25 0.3 10 0.1 0.1 0.25 0.3 10 0.1
DN5 l 8 0.1 0.2 0.3 10 0.1 0.25 0.3 0.25 0.3 10 0.1 0.1 0.25 0.3 10 0.1 0.1 0.25 0.3 10 0.1 0.1 0.25 0.3 10 0.1 0.1 0.25 0.3 10 0.1 0.1 0.25 0.3 10 0.1 0.1 0.25 0.3 10 0.1 0.1 0.25 0.3 10 0.1 0.1 0.25 0.3 10 0.1 0.1 0.25 0.3 10 0.1 0.1 0.25 0.3 10 0.1 0.1 0.25 0.3 10 0.1 0.1 0.25 0.3 10 0.1 0.1 0.25 0.3 10 0.1

CN0 l 10 0 0.1 0.5 10 0.1 0.25 0.3 0.25 0.3 10 0.1 0.1 0.25 0.3 10 0.1 0.1 0.25 0.3 10 0.1 0.1 0.25 0.3 10 0.1 0.1 0.25 0.3 10 0.1 0.1 0.25 0.3 10 0.1 0.1 0.25 0.3 10 0.1 0.1 0.25 0.3 10 0.1 0.1 0.25 0.3 10 0.1 0.1 0.25 0.3 10 0.1 0.1 0.25 0.3 10 0.1 0.1 0.25 0.3 10 0.1 0.1 0.25 0.3 10 0.1 0.1 0.25 0.3 10 0.1
CN1 l 2 0.1 0.5 0.9 10 0.1 0.25 0.3 0.25 0.3 10 0.1 0.1 0.25 0.3 10 0.1 0.1 0.25 0.3 10 0.1 0.1 0.25 0.3 10 0.1 0.1 0.25 0.3 10 0.1 0.1 0.25 0.3 10 0.1 0.1 0.25 0.3 10 0.1 0.1 0.25 0.3 10 0.1 0.1 0.25 0.3 10 0.1 0.1 0.25 0.3 10 0.1 0.1 0.25 0.3 10 0.1 0.1 0.25 0.3 10 0.1 0.1 0.25 0.3 10 0.1 0.1 0.25 0.3 10 0.1
CN2 l 13 0.2 0.3 0.5 10 0.1 0.25 0.3 0.25 0.3 10 0.1 0.1 0.25 0.3 10 0.1 0.1 0.25 0.3 10 0.1 0.1 0.25 0.3 10 0.1 0.1 0.25 0.3 10 0.1 0.1 0.25 0.3 10 0.1 0.1 0.25 0.3 10 0.1 0.1 0.25 0.3 10 0.1 0.1 0.25 0.3 10 0.1 0.1 0.25 0.3 10 0.1 0.1 0.25 0.3 10 0.1 0.1 0.25 0.3 10 0.1 0.1 0.25 0.3 10 0.1 0.1 0.25 0.3 10 0.1
CN3 l 13 0.2 1 0.33 10 0.1 0.25 0.3 0.25 0.3 10 0.1 0.1 0.25 0.3 10 0.1 0.1 0.25 0.3 10 0.1 0.1 0.25 0.3 10 0.1 0.1 0.25 0.3 10 0.1 0.1 0.25 0.3 10 0.1 0.1 0.25 0.3 10 0.1 0.1 0.25 0.3 10 0.1 0.1 0.25 0.3 10 0.1 0.1 0.25 0.3 10 0.1 0.1 0.25 0.3 10 0.1 0.1 0.25 0.3 10 0.1 0.1 0.25 0.3 10 0.1 0.1 0.25 0.3 10 0.1
CN4 l 9 1.22 1 2 10 0.1 0.25 0.3 0.25 0.3 10 0.1 0.1 0.25 0.3 10 0.1 0.1 0.25 0.3 10 0.1 0.1 0.25 0.3 10 0.1 0.1 0.25 0.3 10 0.1 0.1 0.25 0.3 10 0.1 0.1 0.25 0.3 10 0.1 0.1 0.25 0.3 10 0.1 0.1 0.25 0.3 10 0.1 0.1 0.25 0.3 10 0.1 0.1 0.25 0.3 10 0.1 0.1 0.25 0.3 10 0.1 0.1 0.25 0.3 10 0.1 0.1 0.25 0.3 10 0.1
CN5 l 5 0.2 0.3 0.5 10 0.1 0.25 0.3 0.25 0.3 10 0.1 0.1 0.25 0.3 10 0.1 0.1 0.25 0.3 10 0.1 0.1 0.25 0.3 10 0.1 0.1 0.25 0.3 10 0.1 0.1 0.25 0.3 10 0.1 0.1 0.25 0.3 10 0.1 0.1 0.25 0.3 10 0.1 0.1 0.25 0.3 10 0.1 0.1 0.25 0.3 10 0.1 0.1 0.25 0.3 10 0.1 0.1 0.25 0.3 10 0.1 0.1 0.25 0.3 10 0.1 0.1 0.25 0.3 10 0.1

BN0 r 10 0.1 0.2 0.3 10 0.1 0.25 0.3 0.25 0.3 10 0.1 0.1 0.25 0.3 10 0.1 0.1 0.25 0.3 10 0.1 0.1 0.25 0.3 10 0.1 0.1 0.25 0.3 10 0.1 0.1 0.25 0.3 10 0.1 0.1 0.25 0.3 10 0.1 0.1 0.25 0.3 10 0.1 0.1 0.25 0.3 10 0.1 0.1 0.25 0.3 10 0.1 0.1 0.25 0.3 10 0.1 0.1 0.25 0.3 10 0.1 0.1 0.25 0.3 10 0.1 0.1 0.25 0.3 10 0.1
BN1 l 15 1 0.075 1.23 10 0.1 0.25 0.3 0.25 0.3 10 0.1 0.1 0.25 0.3 10 0.1 0.1 0.25 0.3 10 0.1 0.1 0.25 0.3 10 0.1 0.1 0.25 0.3 10 0.1 0.1 0.25 0.3 10 0.1 0.1 0.25 0.3 10 0.1 0.1 0.25 0.3 10 0.1 0.1 0.25 0.3 10 0.1 0.1 0.25 0.3 10 0.1 0.1 0.25 0.3 10 0.1 0.1 0.25 0.3 10 0.1 0.1 0.25 0.3 10 0.1 0.1 0.25 0.3 10 0.1
BN2 l 11 1.75 0.69 0.9 10 0.1 0.25 0.3 0.25 0.3 10 0.1 0.1 0.25 0.3 10 0.1 0.1 0.25 0.3 10 0.1 0.1 0.25 0.3 10 0.1 0.1 0.25 0.3 10 0.1 0.1 0.25 0.3 10 0.1 0.1 0.25 0.3 10 0.1 0.1 0.25 0.3 10 0.1 0.1 0.25 0.3 10 0.1 0.1 0.25 0.3 10 0.1 0.1 0.25 0.3 10 0.1 0.1 0.25 0.3 10 0.1 0.1 0.25 0.3 10 0.1 0.1 0.25 0.3 10 0.1
BN3 l 8 0.97 0.8 0.7 10 0.1 0.25 0.3 0.25 0.3 10 0.1 0.1 0.25 0.3 10 0.1 0.1 0.25 0.3 10 0.1 0.1 0.25 0.3 10 0.1 0.1 0.25 0.3 10 0.1 0.1 0.25 0.3 10 0.1 0.1 0.25 0.3 10 0.1 0.1 0.25 0.3 10 0.1 0.1 0.25 0.3 10 0.1 0.1 0.25 0.3 10 0.1 0.1 0.25 0.3 10 0.1 0.1 0.25 0.3 10 0.1 0.1 0.25 0.3 10 0.1 0.1 0.25 0.3 10 0.1
BN4 l 7 3 1.31 2 10 0.1 0.25 0.3 0.25 0.3 10 0.1 0.1 0.25 0.3 10 0.1 0.1 0.25 0.3 10 0.1 0.1 0.25 0.3 10 0.1 0.1 0.25 0.3 10 0.1 0.1 0.25 0.3 10 0.1 0.1 0.25 0.3 10 0.1 0.1 0.25 0.3 10 0.1 0.1 0.25 0.3 10 0.1 0.1 0.25 0.3 10 0.1 0.1 0.25 0.3 10 0.1 0.1 0.25 0.3 10 0.1 0.1 0.25 0.3 10 0.1 0.1 0.25 0.3 10 0.1
BN5 l 10 0.2 0.3 0.5 10 0.1 0.25 0.3 0.25 0.3 10 0.1 0.1 0.25 0.3 10 0.1 0.1 0.25 0.3 10 0.1 0.1 0.25 0.3 10 0.1 0.1 0.25 0.3 10 0.1 0.1 0.25 0.3 10 0.1 0.1 0.25 0.3 10 0.1 0.1 0.25 0.3 10 0.1 0.1 0.25 0.3 10 0.1 0.1 0.25 0.3 10 0.1 0.1 0.25 0.3 10 0.1 0.1 0.25 0.3 10 0.1 0.1 0.25 0.3 10 0.1 0.1 0.25 0.3 10 0.1

% ZONA NORTE
% AVENIDA PRINCIPAL
% ZONA SUR

BS0 l 6 1.87 0.2 0.3 10 0.1 0.25 0.3 0.25 0.3 10 0.1 0.1 0.25 0.3 10 0.1 0.1 0.25 0.3 10 0.1 0.1 0.25 0.3 10 0.1 0.1 0.25 0.3 10 0.1 0.1 0.25 0.3 10 0.1 0.1 0.25 0.3 10 0.1 0.1 0.25 0.3 10 0.1 0.1 0.25 0.3 10 0.1 0.1 0.25 0.3 10 0.1 0.1 0.25 0.3 10 0.1 0.1 0.25 0.3 10 0.1 0.1 0.25 0.3 10 0.1 0.1 0.25 0.3 10 0.1
BS1 l 25 2.2 1.5 3 10 0.1 0.25 0.3 0.25 0.3 10 0.1 0.1 0.25 0.3 10 0.1 0.1 0.25 0.3 10 0.1 0.1 0.25 0.3 10 0.1 0.1 0.25 0.3 10 0.1 0.1 0.25 0.3 10 0.1 0.1 0.25 0.3 10 0.1 0.1 0.25 0.3 10 0.1 0.1 0.25 0.3 10 0.1 0.1 0.25 0.3 10 0.1 0.1 0.25 0.3 10 0.1 0.1 0.25 0.3 10 0.1 0.1 0.25 0.3 10 0.1 0.1 0.25 0.3 10 0.1
BS2 l 15 0.5 0.6 0.78 10 0.1 0.25 0.3 0.25 0.3 10 0.1 0.1 0.25 0.3 10 0.1 0.1 0.25 0.3 10 0.1 0.1 0.25 0.3 10 0.1 0.1 0.25 0.3 10 0.1 0.1 0.25 0.3 10 0.1 0.1 0.25 0.3 10 0.1 0.1 0.25 0.3 10 0.1 0.1 0.25 0.3 10 0.1 0.1 0.25 0.3 10 0.1 0.1 0.25 0.3 10 0.1 0.1 0.25 0.3 10 0.1 0.1 0.25 0.3 10 0.1 0.1 0.25 0.3 10 0.1
BS3 l 12 0.36 0.91 0.47 10 0.1 0.25 0.3 0.25 0.3 10 0.1 0.1 0.25 0.3 10 0.1 0.1 0.25 0.3 10 0.1 0.1 0.25 0.3 10 0.1 0.1 0.25 0.3 10 0.1 0.1 0.25 0.3 10 0.1 0.1 0.25 0.3 10 0.1 0.1 0.25 0.3 10 0.1 0.1 0.25 0.3 10 0.1 0.1 0.25 0.3 10 0.1 0.1 0.25 0.3 10 0.1 0.1 0.25 0.3 10 0.1 0.1 0.25 0.3 10 0.1 0.1 0.25 0.3 10 0.1
BS4 l 9 0.63 0.69 2.6 10 0.1 0.25 0.3 0.25 0.3 10 0.1 0.1 0.25 0.3 10 0.1 0.1 0.25 0.3 10 0.1 0.1 0.25 0.3 10 0.1 0.1 0.25 0.3 10 0.1 0.1 0.25 0.3 10 0.1 0.1 0.25 0.3 10 0.1 0.1 0.25 0.3 10 0.1 0.1 0.25 0.3 10 0.1 0.1 0.25 0.3 10 0.1 0.1 0.25 0.3 10 0.1 0.1 0.25 0.3 10 0.1 0.1 0.25 0.3 10 0.1 0.1 0.25 0.3 10 0.1
BS5 l 7 0.3 0.2 0.4 10 0.1 0.25 0.3 0.25 0.3 10 0.1 0.1 0.25 0.3 10 0.1 0.1 0.25 0.3 10 0.1 0.1 0.25 0.3 10 0.1 0.1 0.25 0.3 10 0.1 0.1 0.25 0.3 10 0.1 0.1 0.25 0.3 10 0.1 0.1 0.25 0.3 10 0.1 0.1 0.25 0.3 10 0.1 0.1 0.25 0.3 10 0.1 0.1 0.25 0.3 10 0.1 0.1 0.25 0.3 10 0.1 0.1 0.25 0.3 10 0.1 0.1 0.25 0.3 10 0.1

CS0 l 11.5 1 2 1.05 10 0.1 0.25 0.3 0.25 0.3 10 0.1 0.1 0.25 0.3 10 0.1 0.1 0.25 0.3 10 0.1 0.1 0.25 0.3 10 0.1 0.1 0.25 0.3 10 0.1 0.1 0.25 0.3 10 0.1 0.1 0.25 0.3 10 0.1 0.1 0.25 0.3 10 0.1 0.1 0.25 0.3 10 0.1 0.1 0.25 0.3 10 0.1 0.1 0.25 0.3 10 0.1 0.1 0.25 0.3 10 0.1 0.1 0.25 0.3 10 0.1 0.1 0.25 0.3 10 0.1
CS1 l 8 0.45 0.1 0.12 10 0.1 0.25 0.3 0.25 0.3 10 0.1 0.1 0.25 0.3 10 0.1 0.1 0.25 0.3 10 0.1 0.1 0.25 0.3 10 0.1 0.1 0.25 0.3 10 0.1 0.1 0.25 0.3 10 0.1 0.1 0.25 0.3 10 0.1 0.1 0.25 0.3 10 0.1 0.1 0.25 0.3 10 0.1 0.1 0.25 0.3 10 0.1 0.1 0.25 0.3 10 0.1 0.1 0.25 0.3 10 0.1 0.1 0.25 0.3 10 0.1 0.1 0.25 0.3 10 0.1
CS2 l 3 0.053 0.05 0.14 10 0.1 0.25 0.3 0.25 0.3 10 0.1 0.1 0.25 0.3 10 0.1 0.1 0.25 0.3 10 0.1 0.1 0.25 0.3 10 0.1 0.1 0.25 0.3 10 0.1 0.1 0.25 0.3 10 0.1 0.1 0.25 0.3 10 0.1 0.1 0.25 0.3 10 0.1 0.1 0.25 0.3 10 0.1 0.1 0.25 0.3 10 0.1 0.1 0.25 0.3 10 0.1 0.1 0.25 0.3 10 0.1 0.1 0.25 0.3 10 0.1 0.1 0.25 0.3 10 0.1
CS3 l 4 0.1 0.6 0.79 10 0.1 0.25 0.3 0.25 0.3 10 0.1 0.1 0.25 0.3 10 0.1 0.1 0.25 0.3 10 0.1 0.1 0.25 0.3 10 0.1 0.1 0.25 0.3 10 0.1 0.1 0.25 0.3 10 0.1 0.1 0.25 0.3 10 0.1 0.1 0.25 0.3 10 0.1 0.1 0.25 0.3 10 0.1 0.1 0.25 0.3 10 0.1 0.1 0.25 0.3 10 0.1 0.1 0.25 0.3 10 0.1 0.1 0.25 0.3 10 0.1 0.1 0.25 0.3 10 0.1
CS4 l 8.5 0.9 0.72 0.63 10 0.1 0.25 0.3 0.25 0.3 10 0.1 0.1 0.25 0.3 10 0.1 0.1 0.25 0.3 10 0.1 0.1 0.25 0.3 10 0.1 0.1 0.25 0.3 10 0.1 0.1 0.25 0.3 10 0.1 0.1 0.25 0.3 10 0.1 0.1 0.25 0.3 10 0.1 0.1 0.25 0.3 10 0.1 0.1 0.25 0.3 10 0.1 0.1 0.25 0.3 10 0.1 0.1 0.25 0.3 10 0.1 0.1 0.25 0.3 10 0.1 0.1 0.25 0.3 10 0.1
CS5 l 6 0.2 0.4 0.7 10 0.1 0.25 0.3 0.25 0.3 10 0.1 0.1 0.25 0.3 10 0.1 0.1 0.25 0.3 10 0.1 0.1 0.25 0.3 10 0.1 0.1 0.25 0.3 10 0.1 0.1 0.25 0.3 10 0.1 0.1 0.25 0.3 10 0.1 0.1 0.25 0.3 10 0.1 0.1 0.25 0.3 10 0.1 0.1 0.25 0.3 10 0.1 0.1 0.25 0.3 10 0.1 0.1 0.25 0.3 10 0.1 0.1 0.25 0.3 10 0.1 0.1 0.25 0.3 10 0.1

DS0 l 9 0.63 0.69 2.6 10 0.1 0.25 0.3 0.25 0.3 10 0.1 0.1 0.25 0.3 10 0.1 0.1 0.25 0.3 10 0.1 0.1 0.25 0.3 10 0.1 0.1 0.25 0.3 10 0.1 0.1 0.25 0.3 10 0.1 0.1 0.25 0.3 10 0.1 0.1 0.25 0.3 10 0.1 0.1 0.25 0.3 10 0.1 0.1 0.25 0.3 10 0.1 0.1 0.25 0.3 10 0.1 0.1 0.25 0.3 10 0.1 0.1 0.25 0.3 10 0.1 0.1 0.25 0.3 10 0.1
DS1 l 7 0.3 0.2 0.4 10 0.1 0.25 0.3 0.25 0.3 10 0.1 0.1 0.25 0.3 10 0.1 0.1 0.25 0.3 10 0.1 0.1 0.25 0.3 10 0.1 0.1 0.25 0.3 10 0.1 0.1 0.25 0.3 10 0.1 0.1 0.25 0.3 10 0.1 0.1 0.25 0.3 10 0.1 0.1 0.25 0.3 10 0.1 0.1 0.25 0.3 10 0.1 0.1 0.25 0.3 10 0.1 0.1 0.25 0.3 10 0.1 0.1 0.25 0.3 10 0.1 0.1 0.25 0.3 10 0.1
DS2 l 11.5 1 2 1.05 10 0.1 0.25 0.3 0.25 0.3 10 0.1 0.1 0.25 0.3 10 0.1 0.1 0.25 0.3 10 0.1 0.1 0.25 0.3 10 0.1 0.1 0.25 0.3 10 0.1 0.1 0.25 0.3 10 0.1 0.1 0.25 0.3 10 0.1 0.1 0.25 0.3 10 0.1 0.1 0.25 0.3 10 0.1 0.1 0.25 0.3 10 0.1 0.1 0.25 0.3 10 0.1 0.1 0.25 0.3 10 0.1 0.1 0.25 0.3 10 0.1 0.1 0.25 0.3 10 0.1
DS3 l 8 0.45 0.1 0.12 10 0.1 0.25 0.3 0.25 0.3 10 0.1 0.1 0.25 0.3 10 0.1 0.1 0.25 0.3 10 0.1 0.1 0.25 0.3 10 0.1 0.1 0.25 0.3 10 0.1 0.1 0.25 0.3 10 0.1 0.1 0.25 0.3 10 0.1 0.1 0.25 0.3 10 0.1 0.1 0.25 0.3 10 0.1 0.1 0.25 0.3 10 0.1 0.1 0.25 0.3 10 0.1 0.1 0.25 0.3 10 0.1 0.1 0.25 0.3 10 0.1 0.1 0.25 0.3 10 0.1
DS4 l 3 0.053 0.05 0.14 10 0.1 0.25 0.3 0.25 0.3 10 0.1 0.1 0.25 0.3 10 0.1 0.1 0.25 0.3 10 0.1 0.1 0.25 0.3 10 0.1 0.1 0.25 0.3 10 0.1 0.1 0.25 0.3 10 0.1 0.1 0.25 0.3 10 0.1 0.1 0.25 0.3 10 0.1 0.1 0.25 0.3 10 0.1 0.1 0.25 0.3 10 0.1 0.1 0.25 0.3 10 0.1 0.1 0.25 0.3 10 0.1 0.1 0.25 0.3 10 0.1 0.1 0.25 0.3 10 0.1
DS5 l 5 0.1 0.1 0.2 10 0.1 0.25 0.3 0.25 0.3 10 0.1 0.1 0.25 0.3 10 0.1 0.1 0.25 0.3 10 0.1 0.1 0.25 0.3 10 0.1 0.1 0.25 0.3 10 0.1 0.1 0.25 0.3 10 0.1 0.1 0.25 0.3 10 0.1 0.1 0.25 0.3 10 0.1 0.1 0.25 0.3 10 0.1 0.1 0.25 0.3 10 0.1 0.1 0.25 0.3 10 0.1 0.1 0.25 0.3 10 0.1 0.1 0.25 0.3 10 0.1 0.1 0.25 0.3 10 0.1

ES0 l 6 1.87 0.2 0.3 10 0.1 0.25 0.3 0.25 0.3 10 0.1 0.1 0.25 0.3 10 0.1 0.1 0.25 0.3 10 0.1 0.1 0.25 0.3 10 0.1 0.1 0.25 0.3 10 0.1 0.1 0.25 0.3 10 0.1 0.1 0.25 0.3 10 0.1 0.1 0.25 0.3 10 0.1 0.1 0.25 0.3 10 0.1 0.1 0.25 0.3 10 0.1 0.1 0.25 0.3 10 0.1 0.1 0.25 0.3 10 0.1 0.1 0.25 0.3 10 0.1 0.1 0.25 0.3 10 0.1
ES1 l 25 2.2 1.5 3 10 0.1 0.25 0.3 0.25 0.3 10 0.1 0.1 0.25 0.3 10 0.1 0.1 0.25 0.3 10 0.1 0.1 0.25 0.3 10 0.1 0.1 0.25 0.3 10 0.1 0.1 0.25 0.3 10 0.1 0.1 0.25 0.3 10 0.1 0.1 0.25 0.3 10 0.1 0.1 0.25 0.3 10 0.1 0.1 0.25 0.3 10 0.1 0.1 0.25 0.3 10 0.1 0.1 0.25 0.3 10 0.1 0.1 0.25 0.3 10 0.1 0.1 0.25 0.3 10 0.1
ES2 l 15 0.5 0.6 0.78 10 0.1 0.25 0.3 0.25 0.3 10 0.1 0.1 0.25 0.3 10 0.1 0.1 0.25 0.3 10 0.1 0.1 0.25 0.3 10 0.1 0.1 0.25 0.3 10 0.1 0.1 0.25 0.3 10 0.1 0.1 0.25 0.3 10 0.1 0.1 0.25 0.3 10 0.1 0.1 0.25 0.3 10 0.1 0.1 0.25 0.3 10 0.1 0.1 0.25 0.3 10 0.1 0.1 0.25 0.3 10 0.1 0.1 0.25 0.3 10 0.1 0.1 0.25 0.3 10 0.1
ES3 l 12 0.36 0.91 0.47 10 0.1 0.25 0.3 0.25 0.3 10 0.1 0.1 0.25 0.3 10 0.1 0.1 0.25 0.3 10 0.1 0.1 0.25 0.3 10 0.1 0.1 0.25 0.3 10 0.1 0.1 0.25 0.3 10 0.1 0.1 0.25 0.3 10 0.1 0.1 0.25 0.3 10 0.1 0.1 0.25 0.3 10 0.1 0.1 0.25 0.3 10 0.1 0.1 0.25 0.3 10 0.1 0.1 0.25 0.3 10 0.1 0.1 0.25 0.3 10 0.1 0.1 0.25 0.3 10 0.1
ES4 l 9 0.63 0.69 2.6 10 0.1 0.25 0.3 0.25 0.3 10 0.1 0.1 0.25 0.3 10 0.1 0.1 0.25 0.3 10 0.1 0.1 0.25 0.3 10 0.1 0.1 0.25 0.3 10 0.1 0.1 0.25 0.3 10 0.1 0.1 0.25 0.3 10 0.1 0.1 0.25 0.3 10 0.1 0.1 0.25 0.3 10 0.1 0.1 0.25 0.3 10 0.1 0.1 0.25 0.3 10 0.1 0.1 0.25 0.3 10 0.1 0.1 0.25 0.3 10 0.1 0.1 0.25 0.3 10 0.1
ES5 l 7 0.3 0.2 0.4 10 0.1 0.25 0.3 0.25 0.3 10 0.1 0.1 0.25 0.3 10 0.1 0.1 0.25 0.3 10 0.1 0.1 0.25 0.3 10 0.1 0.1 0.25 0.3 10 0.1 0.1 0.25 0.3 10 0.1 0.1 0.25 0.3 10 0.1 0.1 0.25 0.3 10 0.1 0.1 0.25 0.3 10 0.1 0.1 0.25 0.3 10 0.1 0.1 0.25 0.3 10 0.1 0.1 0.25 0.3 10 0.1 0.1 0.25 0.3 10 0.1 0.1 0.25 0.3 10 0.1

FS0 l 11.5 1 2 1.05 10 0.1 0.25 0.3 0.25 0.3 10 0.1 0.1 0.25 0.3 10 0.1 0.1 0.25 0.3 10 0.1 0.1 0.25 0.3 10 0.1 0.1 0.25 0.3 10 0.1 0.1 0.25 0.3 10 0.1 0.1 0.25 0.3 10 0.1 0.1 0.25 0.3 10 0.1 0.1 0.25 0.3 10 0.1 0.1 0.25 0.3 10 0.1 0.1 0.25 0.3 10 0.1 0.1 0.25 0.3 10 0.1 0.1 0.25 0.3 10 0.1 0.1 0.25 0.3 10 0.1
FS1 l 8 0.45 0.1 0.12 10 0.1 0.25 0.3 0.25 0.3 10 0.1 0.1 0.25 0.3 10 0.1 0.1 0.25 0.3 10 0.1 0.1 0.25 0.3 10 0.1 0.1 0.25 0.3 10 0.1 0.1 0.25 0.3 10 0.1 0.1 0.25 0.3 10 0.1 0.1 0.25 0.3 10 0.1 0.1 0.25 0.3 10 0.1 0.1 0.25 0.3 10 0.1 0.1 0.25 0.3 10 0.1 0.1 0.25 0.3 10 0.1 0.1 0.25 0.3 10 0.1 0.1 0.25 0.3 10 0.1
FS2 l 3 0.053 0.05 0.14 10 0.1 0.25 0.3 0.25 0.3 10 0.1 0.1 0.25 0.3 10 0.1 0.1 0.25 0.3 10 0.1 0.1 0.25 0.3 10 0.1 0.1 0.25 0.3 10 0.1 0.1 0.25 0.3 10 0.1 0.1 0.25 0.3 10 0.1 0.1 0.25 0.3 10 0.1 0.1 0.25 0.3 10 0.1 0.1 0.25 0.3 10 0.1 0.1 0.25 0.3 10 0.1 0.1 0.25 0.3 10 0.1 0.1 0.25 0.3 10 0.1 0.1 0.25 0.3 10 0.1
FS3 l 4 0.1 0.6 0.79 10 0.1 0.25 0.3 0.25 0.3 10 0.1 0.1 0.25 0.3 10 0.1 0.1 0.25 0.3 10 0.1 0.1 0.25 0.3 10 0.1 0.1 0.25 0.3 10 0.1 0.1 0.25 0.3 10 0.1 0.1 0.25 0.3 10 0.1 0.1 0.25 0.3 10 0.1 0.1 0.25 0.3 10 0.1 0.1 0.25 0.3 10 0.1 0.1 0.25 0.3 10 0.1 0.1 0.25 0.3 10 0.1 0.1 0.25 0.3 10 0.1 0.1 0.25 0.3 10 0.1
FS4 l 8.5 0.9 0.72 0.63 10 0.1 0.25 0.3 0.25 0.3 10 0.1 0.1 0.25 0.3 10 0.1 0.1 0.25 0.3 10 0.1 0.1 0.25 0.3 10 0.1 0.1 0.25 0.3 10 0.1 0.1 0.25 0.3 10 0.1 0.1 0.25 0.3 10 0.1 0.1 0.25 0.3 10 0.1 0.1 0.25 0.3 10 0.1 0.1 0.25 0.3 10 0.1 0.1 0.25 0.3 10 0.1 0.1 0.25 0.3 10 0.1 0.1 0.25 0.3 10 0.1 0.1 0.25 0.3 10 0.1
FS5 l 6 0.2 0.4 0.7 10 0.1 0.25 0.3 0.25 0.3 10 0.1 0.1 0.25 0.3 10 0.1 0.1 0.25 0.3 10 0.1 0.1 0.25 0.3 10 0.1 0.1 0.25 0.3 10 0.1 0.1 0.25 0.3 10 0.1 0.1 0.25 0.3 10 0.1 0.1 0.25 0.3 10 0.1 0.1 0.25 0.3 10 0.1 0.1 0.25 0.3 10 0.1 0.1 0.25 0.3 10 0.1 0.1 0.25 0.3 10 0.1 0.1 0.25 0.3 10 0.1 0.1 0.25 0.3 10 0.1

GS0 l 9 0.63 0.69 2.6 10 0.1 0.25 0.3 0.25 0.3 10 0.1 0.1 0.25 0.3 10 0.1 0.1 0.25 0.3 10 0.1 0.1 0.25 0.3 10 0.1 0.1 0.25 0.3 10 0.1 0.1 0.25 0.3 10 0.1 0.1 0.25 0.3 10 0.1 0.1 0.25 0.3 10 0.1 0.1 0.25 0.3 10 0.1 0.1 0.25 0.3 10 0.1 0.1 0.25 0.3 10 0.1 0.1 0.25 0.3 10 0.1 0.1 0.25 0.3 10 0.1 0.1 0.25 0.3 10 0.1
GS1 l 7 0.3 0.2 0.4 10 0.1 0.25 0.3 0.25 0.3 10 0.1 0.1 0.25 0.3 10 0.1 0.1 0.25 0.3 10 0.1 0.1 0.25 0.3 10 0.1 0.1 0.25 0.3 10 0.1 0.1 0.25 0.3 10 0.1 0.1 0.25 0.3 10 0.1 0.1 0.25 0.3 10 0.1 0.1 0.25 0.3 10 0.1 0.1 0.25 0.3 10 0.1 0.1 0.25 0.3 10 0.1 0.1 0.25 0.3 10 0.1 0.1 0.25 0.3 10 0.1 0.1 0.25 0.3 10 0.1
GS2 l 11.5 1 2 1.05 10 0.1 0.25 0.3 0.25 0.3 10 0.1 0.1 0.25 0.3 10 0.1 0.1 0.25 0.3 10 0.1 0.1 0.25 0.3 10 0.1 0.1 0.25 0.3 10 0.1 0.1 0.25 0.3 10 0.1 0.1 0.25 0.3 10 0.1 0.1 0.25 0.3 10 0.1 0.1 0.25 0.3 10 0.1 0.1 0.25 0.3 10 0.1 0.1 0.25 0.3 10 0.1 0.1 0.25 0.3 10 0.1 0.1 0.25 0.3 10 0.1 0.1 0.25 0.3 10 0.1
GS3 l 8 0.45 0.1 0.12 10 0.1 0.25 0.3 0.25 0.3 10 0.1 0.1 0.25 0.3 10 0.1 0.1 0.25 0.3 10 0.1 0.1 0.25 0.3 10 0.1 0.1 0.25 0.3 10 0.1 0.1 0.25 0.3 10 0.1 0.1 0.25 0.3 10 0.1 0.1 0.25 0.3 10 0.1 0.1 0.25 0.3 10 0.1 0.1 0.25 0.3 10 0.1 0.1 0.25 0.3 10 0.1 0.1 0.25 0.3 10 0.1 0.1 0.25 0.3 10 0.1 0.1 0.25 0.3 10 0.1
GS4 l 3 0.053 0.05 0.14 10 0.1 0.25 0.3 0.25 0.3 10 0.1 0.1 0.25 0.3 10 0.1 0.1 0.25 0.3 10 0.1 0.1 0.25 0.3 10 0.1 0.1 0.25 0.3 10 0.1 0.1 0.25 0.3 10 0.1 0.1 0.25 0.3 10 0.1 0.1 0.25 0.3 10 0.1 0.1 0.25 0.3 10 0.1 0.1 0.25 0.3 10 0.1 0.1 0.25 0.3 10 0.1 0.1 0.25 0.3 10 0.1 0.1 0.25 0.3 10 0.1 0.1 0.25 0.3 10 0.1
GS5 l 5 0.1 0.1 0.2 10 0.1 0.25 0.3 0.25 0.3 10 0.1 0.1 0.25 0.3 10 0.1 0.1 0.25 0.3 10 0.1 0.1 0.25 0.3 10 0.1 0.1 0.25 0.3 10 0.1 0.1 0.25 0.3 10 0.1 0.1 0.25 0.3 10 0.1 0.1 0.25 0.3 10 0.1 0.1 0.25 0.3 10 0.1 0.1 0.25 0.3 10 0.1 0.1 0.25 0.3 10 0.1 0.1 0.25 0.3 10 0.1 0.1 0.25 0.3 10 0.1 0.1 0.25 0.3 10 0.1

HS0 l 6 1.87 0.2 0.3 10 0.1 0.25 0.3 0.25 0.3 10 0.1 0.1 0.25 0.3 10 0.1 0.1 0.25 0.3 10 0.1 0.1 0.25 0.3 10 0.1 0.1 0.25 0.3 10 0.1 0.1 0.25 0.3 10 0.1 0.1 0.25 0.3 10 0.1 0.1 0.25 0.3 10 0.1 0.1 0.25 0.3 10 0.1 0.1 0.25 0.3 10 0.1 0.1 0.25 0.3 10 0.1 0.1 0.25 0.3 10 0.1 0.1 0.25 0.3 10 0.1 0.1 0.25 0.3 10 0.1
HS1 l 25 2.2 1.5 3 10 0.1 0.25 0.3 0.25 0.3 10 0.1 0.1 0.25 0.3 10 0.1 0.1 0.25 0.3 10 0.1 0.1 0.25 0.3 10 0.1 0.1 0.25 0.3 10 0.1 0.1 0.25 0.3 10 0.1 0.1 0.25 0.3 10 0.1 0.1 0.25 0.3 10 0.1 0.1 0.25 0.3 10 0.1 0.1 0.25 0.3 10 0.1 0.1 0.25 0.3 10 0.1 0.1 0.25 0.3 10 0.1 0.1 0.25 0.3 10 0.1 0.1 0.25 0.3 10 0.1
HS2 l 15 0.5 0.6 0.78 10 0.1 0.25 0.3 0.25 0.3 10 0.1 0.1 0.25 0.3 10 0.1 0.1 0.25 0.3 10 0.1 0.1 0.25 0.3 10 0.1 0.1 0.25 0.3 10 0.1 0.1 0.25 0.3 10 0.1 0.1 0.25 0.3 10 0.1 0.1 0.25 0.3 10 0.1 0.1 0.25 0.3 10 0.1 0.1 0.25 0.3 10 0.1 0.1 0.25 0.3 10 0.1 0.1 0.25 0.3 10 0.1 0.1 0.25 0.3 10 0.1 0.1 0.25 0.3 10 0.1
HS3 l 12 0.36 0.91 0.47 10 0.1 0.25 0.3 0.25 0.3 10 0.1 0.1 0.25 0.3 10 0.1 0.1 0.25 0.3 10 0.1 0.1 0.25 0.3 10 0.1 0.1 0.25 0.3 10 0.1 0.1 0.25 0.3 10 0.1 0.1 0.25 0.3 10 0.1 0.1 0.25 0.3 10 0.1 0.1 0.25 0.3 10 0.1 0.1 0.25 0.3 10 0.1 0.1 0.25 0.3 10 0.1 0.1 0.25 0.3 10 0.1 0.1 0.25 0.3 10 0.1 0.1 0.25 0.3 10 0.1
HS4 l 9 0.63 0.69 2.6 10 0.1 0.25 0.3 0.25 0.3 10 0.1 0.1 0.25 0.3 10 0.1 0.1 0.25 0.3 10 0.1 0.1 0.25 0.3 10 0.1 0.1 0.25 0.3 10 0.1 0.1 0.25 0.3 10 0.1 0.1 0.25 0.3 10 0.1 0.1 0.25 0.3 10 0.1 0.1 0.25 0.3 10 0.1 0.1 0.25 0.3 10 0.1 0.1 0.25 0.3 10 0.1 0.1 0.25 0.3 10 0.1 0.1 0.25 0.3 10 0.1 0.1 0.25 0.3 10 0.1
HS5 l 7 0.3 0.2 0.4 10 0.1 0.25 0.3 0.25 0.3 10 0.1 0.1 0.25 0.3 10 0.1 0.1 0.25 0.3 10 0.1 0.1 0.25 0.3 10 0.1 0.1 0.25 0.3 10 0.1 0.1 0.25 0.3 10 0.1 0.1 0.25 0.3 10 0.1 0.1 0.25 0.3 10 0.1 0.1 0.25 0.3 10 0.1 0.1 0.25 0.3 10 0.1 0.1 0.25 0.3 10 0.1 0.1 0.25 0.3 10 0.1 0.1 0.25 0.3 10 0.1 0.1 0.25 0.3 10 0.1

IS0 l 11.5 1 2 1.05 10 0.1 0.25 0.3 0.25 0.3 10 0.1 0.1 0.25 0.3 10 0.1 0.1 0.25 0.3 10 0.1 0.1 0.25 0.3 10 0.1 0.1 0.25 0.3 10 0.1 0.1 0.25 0.3 10 0.1 0.1 0.25 0.3 10 0.1 0.1 0.25 0.3 10 0.1 0.1 0.25 0.3 10 0.1 0.1 0.25 0.3 10 0.1 0.1 0.25 0.3 10 0.1 0.1 0.25 0.3 10 0.1 0.1 0.25 0.3 10 0.1 0.1 0.25 0.3 10 0.1
IS1 l 8 0.45 0.1 0.12 10 0.1 0.25 0.3 0.25 0.3 10 0.1 0.1 0.25 0.3 10 0.1 0.1 0.25 0.3 10 0.1 0.1 0.25 0.3 10 0.1 0.1 0.25 0.3 10 0.1 0.1 0.25 0.3 10 0.1 0.1 0.25 0.3 10 0.1 0.1 0.25 0.3 10 0.1 0.1 0.25 0.3 10 0.1 0.1 0.25 0.3 10 0.1 0.1 0.25 0.3 10 0.1 0.1 0.25 0.3 10 0.1 0.1 0.25 0.3 10 0.1 0.1 0.25 0.3 10 0.1
IS2 l 3 0.053 0.05 0.14 10 0.1 0.25 0.3 0.25 0.3 10 0.1 0.1 0.25 0.3 10 0.1 0.1 0.25 0.3 10 0.1 0.1 0.25 0.3 10 0.1 0.1 0.25 0.3 10 0.1 0.1 0.25 0.3 10 0.1 0.1 0.25 0.3 10 0.1 0.1 0.25 0.3 10 0.1 0.1 0.25 0.3 10 0.1 0.1 0.25 0.3 10 0.1 0.1 0.25 0.3 10 0.1 0.1 0.25 0.3 10 0.1 0.1 0.25 0.3 10 0.1 0.1 0.25 0.3 10 0.1
IS3 l 4 0.1 0.6 0.79 10 0.1 0.25 0.3 0.25 0.3 10 0.1 0.1 0.25 0.3 10 0.1 0.1 0.25 0.3 10 0.1 0.1 0.25 0.3 10 0.1 0.1 0.25 0.3 10 0.1 0.1 0.25 0.3 10 0.1 0.1 0.25 0.3 10 0.1 0.1 0.25 0.3 10 0.1 0.1 0.25 0.3 10 0.1 0.1 0.25 0.3 10 0.1 0.1 0.25 0.3 10 0.1 0.1 0.25 0.3 10 0.1 0.1 0.25 0.3 10 0.1 0.1 0.25 0.3 10 0.1
IS4 l 8.5 0.9 0.72 0.63 10 0.1 0.25 0.3 0.25 0.3 10 0.1 0.1 0.25 0.3 10 0.1 0.1 0.25 0.3 10 0.1 0.1 0.25 0.3 10 0.1 0.1 0.25 0.3 10 0.1 0.1 0.25 0.3 10 0.1 0.1 0.25 0.3 10 0.1 0.1 0.25 0.3 10 0.1 0.1 0.25 0.3 10 0.1 0.1 0.25 0.3 10 0.1 0.1 0.25 0.3 10 0.1 0.1 0.25 0.3 10 0.1 0.1 0.25 0.3 10 0.1 0.1 0.25 0.3 10 0.1
IS5 l 6 0.2 0.4 0.7 10 0.1 0.25 0.3 0.25 0.3 10 0.1 0.1 0.25 0.3 10 0.1 0.1 0.25 0.3 10 0.1 0.1 0.25 0.3 10 0.1 0.1 0.25 0.3 10 0.1 0.1 0.25 0.3 10 0.1 0.1 0.25 0.3 10 0.1 0.1 0.25 0.3 10 0.1 0.1 0.25 0.3 10 0.1 0.1 0.25 0.3 10 0.1 0.1 0.25 0.3 10 0.1 0.1 0.25 0.3 10 0.1 0.1 0.25 0.3 10 0.1 0.1 0.25 0.3 10 0.1

JS0 l 9 0.63 0.69 2.6 10 0.1 0.25 0.3 0.25 0.3 10 0.1 0.1 0.25 0.3 10 0.1 0.1 0.25 0.3 10 0.1 0.1 0.25 0.3 10 0.1 0.1 0.25 0.3 10 0.1 0.1 0.25 0.3 10 0.1 0.1 0.25 0.3 10 0.1 0.1 0.25 0.3 10 0.1 0.1 0.25 0.3 10 0.1 0.1 0.25 0.3 10 0.1 0.1 0.25 0.3 10 0.1 0.1 0.25 0.3 10 0.1 0.1 0.25 0.3 10 0.1 0.1 0.25 0.3 10 0.1
JS1 l 7 0.3 0.2 0.4 10 0.1 0.25 0.3 0.25 0.3 10 0.1 0.1 0.25 0.3 10 0.1 0.1 0.25 0.3 10 0.1 0.1 0.25 0.3 10 0.1 0.1 0.25 0.3 10 0.1 0.1 0.25 0.3 10 0.1 0.1 0.25 0.3 10 0.1 0.1 0.25 0.3 10 0.1 0.1 0.25 0.3 10 0.1 0.1 0.25 0.3 10 0.1 0.1 0.25 0.3 10 0.1 0.1 0.25 0.3 10 0.1 0.1 0.25 0.3 10 0.1 0.1 0.25 0.3 10 0.1
JS2 l 11.5 1 2 1.05 10 0.1 0.25 0.3 0.25 0.3 10 0.1 0.1 0.25 0.3 10 0.1 0.1 0.25 0.3 10 0.1 0.1 0.25 0.3 10 0.1 0.1 0.25 0.3 10 0.1 0.1 0.25 0.3 10 0.1 0.1 0.25 0.3 10 0.1 0.1 0.25 0.3 10 0.1 0.1 0.25 0.3 10 0.1 0.1 0.25 0.3 10 0.1 0.1 0.25 0.3 10 0.1 0.1 0.25 0.3 10 0.1 0.1 0.25 0.3 10 0.1 0.1 0.25 0.3 10 0.1
JS3 l 8 0.45 0.1 0.12 10 0.1 0.25 0.3 0.25 0.3 10 0.1 0.1 0.25 0.3 10 0.1 0.1 0.25 0.3 10 0.1 0.1 0.25 0.3 10 0.1 0.1 0.25 0.3 10 0.1 0.1 0.25 0.3 10 0.1 0.1 0.25 0.3 10 0.1 0.1 0.25 0.3 10 0.1 0.1 0.25 0.3 10 0.1 0.1 0.25 0.3 10 0.1 0.1 0.25 0.3 10 0.1 0.1 0.25 0.3 10 0.1 0.1 0.25 0.3 10 0.1 0.1 0.25 0.3 10 0.1
JS4 l 3 0.053 0.05 0.14 10 0.1 0.25 0.3 0.25 0.3 10 0.1 0.1 0.25 0.3 10 0.1 0.1 0.25 0.3 10 0.1 0.1 0.25 0.3 10 0.1 0.1 0.25 0.3 10 0.1 0.1 0.25 0.3 10 0.1 0.1 0.25 0.3 10 0.1 0.1 0.25 0.3 10 0.1 0.1 0.25 0.3 10 0.1 0.1 0.25 0.3 10 0.1 0.1 0.25 0.3 10 0.1 0.1 0.25 0.3 10 0.1 0.1 0.25 0.3 10 0.1 0.1 0.25 0.3 10 0.1
JS5 l 5 0.1 0.1 0.2 10 0.1 0.25 0.3 0.25 0.3 10 0.1 0.1 0.25 0.3 10 0.1 0.1 0.25 0.3 10 0.1 0.1 0.25 0.3 10 0.1 0.1 0.25 0.3 10 0.1 0.1 0.25 0.3 10 0.1 0.1 0.25 0.3 10 0.1 0.1 0.25 0.3 10 0.1 0.1 0.25 0.3 10 0.1 0.1 0.25 0.3 10 0.1 0.1 0.25 0.3 10 0.1 0.1 0.25 0.3 10 0.1 0.1 0.25 0.3 10 0.1 0.1 0.25 0.3 10 0.1

KS0 l 6 1.87 0.2 0.3 10 0.1 0.25 0.3 0.25 0.3 10 0.1 0.1 0.25 0.3 10 0.1 0.1 0.25 0.3 10 0.1 0.1 0.25 0.3 10 0.1 0.1 0.25 0.3 10 0.1 0.1 0.25 0.3 10 0.1 0.1 0.25 0.3 10 0.1 0.1 0.25 0.3 10 0.1 0.1 0.25 0.3 10 0.1 0.1 0.25 0.3 10 0.1 0.1 0.25 0.3 10 0.1 0.1 0.25 0.3 10 0.1 0.1 0.25 0.3 10 0.1 0.1 0.25 0.3 10 0.1
KS1 l 25 2.2 1.5 3 10 0.1 0.25 0.3 0.25 0.3 10 0.1 0.1 0.25 0.3 10 0.1 0.1 0.25 0.3 10 0.1 0.1 0.25 0.3 10 0.1 0.1 0.25 0.3 10 0.1 0.1 0.25 0.3 10 0.1 0.1 0.25 0.3 10 0.1 0.1 0.25 0.3 10 0.1 0.1 0.25 0.3 10 0.1 0.1 0.25 0.3 10 0.1 0.1 0.25 0.3 10 0.1 0.1 0.25 0.3 10 0.1 0.1 0.25 0.3 10 0.1 0.1 0.25 0.3 10 0.1
KS2 l 15 0.5 0.6 0.78 10 0.1 0.25 0.3 0.25 0.3 10 0.1 0.1 0.25 0.3 10 0.1 0.1 0.25 0.3 10 0.1 0.1 0.25 0.3 10 0.1 0.1 0.25 0.3 10 0.1 0.1 0.25 0.3 10 0.1 0.1 0.25 0.3 10 0.1 0.1 0.25 0.3 10 0.1 0.1 0.25 0.3 10 0.1 0.1 0.25 0.3 10 0.1 0.1 0.25 0.3 10 0.1 0.1 0.25 0.3 10 0.1 0.1 0.25 0.3 10 0.1 0.1 0.25 0.3 10 0.1
KS3 l 12 0.36 0.91 0.47 10 0.1 0.25 0.3 0.25 0.3 10 0.1 0.1 0.25 0.3 10 0.1 0.1 0.25 0.3 10 0.1 0.1 0.25 0.3 10 0.1 0.1 0.25 0.3 10 0.1 0.1 0.25 0.3 10 0.1 0.1 0.25 0.3 10 0.1 0.1 0.25 0.3 10 0.1 0.1 0.25 0.3 10 0.1 0.1 0.25 0.3 10 0.1 0.1 0.25 0.3 10 0.1 0.1 0.25 0.3 10 0.1 0.1 0.25 0.3 10 0.1 0.1 0.25 0.3 10 0.1
KS4 l 9 0.63 0.69 2.6 10 0.1 0.25 0.3 0.25 0.3 10 0.1 0.1 0.25 0.3 10 0.1 0.1 0.25 0.3 10 0.1 0.1 0.25 0.3 10 0.1 0.1 0.25 0.3 10 0.1 0.1 0.25 0.3 10 0.1 0.1 0.25 0.3 10 0.1 0.1 0.25 0.3 10 0.1 0.1 0.25 0.3 10 0.1 0.1 0.25 0.3 10 0.1 0.1 0.25 0.3 10 0.1 0.1 0.25 0.3 10 0.1 0.1 0.25 0.3 10 0.1 0.1 0.25 0.3 10 0.1
KS5 l 7 0.3 0.2 0.4 10 0.1 0.25 0.3 0.25 0.3 10 0.1 0.1 0.25 0.3 10 0.1 0.1 0.25 0.3 10 0.1 0.1 0.25 0.3 10 0.1 0.1 0.25 0.3 10 0.1 0.1 0.25 0.3 10 0.1 0.1 0.25 0.3 10 0.1 0.1 0.25 0.3 10 0.1 0.1 0.25 0.3 10 0.1 0.1 0.25 0.3 10 0.1 0.1 0.25 0.3 10 0.1 0.1 0.25 0.3 10 0.1 0.1 0.25 0.3 10 0.1 0.1 0.25 0.3 10 0.1

LS0 l 9 0.63 0.69 2.6 10 0.1 0.25 0.3 0.25 0.3 10 0.1 0.1 0.25 0.3 10 0.1 0.1 0.25 0.3 10 0.1 0.1 0.25 0.3 10 0.1 0.1 0.25 0.3 10 0.1 0.1 0.25 0.3 10 0.1 0.1 0.25 0.3 10 0.1 0.1 0.25 0.3 10 0.1 0.1 0.25 0.3 10 0.1 0.1 0.25 0.3 10 0.1 0.1 0.25 0.3 10 0.1 0.1 0.25 0.3 10 0.1 0.1 0.25 0.3 10 0.1 0.1 0.25 0.3 10 0.1
LS1 l 7 0.3 0.2 0.4 10 0.1 0.25 0.3 0.25 0.3 10 0.1 0.1 0.25 0.3 10 0.1 0.1 0.25 0.3 10 0.1 0.1 0.25 0.3 10 0.1 0.1 0.25 0.3 10 0.1 0.1 0.25 0.3 10 0.1 0.1 0.25 0.3 10 0.1 0.1 0.25 0.3 10 0.1 0.1 0.25 0.3 10 0.1 0.1 0.25 0.3 10 0.1 0.1 0.25 0.3 10 0.1 0.1 0.25 0.3 10 0.1 0.1 0.25 0.3 10 0.1 0.1 0.25 0.3 10 0.1
LS2 l 11.5 1 2 1.05 10 0.1 0.25 0.3 0.25 0.3 10 0.1 0.1 0.25 0.3 10 0.1 0.1 0.25 0.3 10 0.1 0.1 0.25 0.3 10 0.1 0.1 0.25 0.3 10 0.1 0.1 0.25 0.3 10 0.1 0.1 0.25 0.3 10 0.1 0.1 0.25 0.3 10 0.1 0.1 0.25 0.3 10 0.1 0.1 0.25 0.3 10 0.1 0.1 0.25 0.3 10 0.1 0.1 0.25 0.3 10 0.1 0.1 0.25 0.3 10 0.1 0.1 0.25 0.3 10 0.1
LS3 l 8 0.45 0.1 0.12 10 0.1 0.25 0.3 0.25 0.3 10 0.1 0.1 0.25 0.3 10 0.1 0.1 0.25 0.3 10 0.1 0.1 0.25 0.3 10 0.1 0.1 0.25 0.3 10 0.1 0.1 0.25 0.3 10 0.1 0.1 0.25 0.3 10 0.1 0.1 0.25 0.3 10 0.1 0.1 0.25 0.3 10 0.1 0.1 0.25 0.3 10 0.1 0.1 0.25 0.3 10 0.1 0.1 0.25 0.3 10 0.1 0.1 0.25 0.3 10 0.1 0.1 0.25 0.3 10 0.1
LS4 l 3 0.053 0.05 0.14 10 0.1 0.25 0.3 0.25 0.3 10 0.1 0.1 0.25 0.3 10 0.1 0.1 0.25 0.3 10 0.1 0.1 0.25 0.3 10 0.1 0.1 0.25 0.3 10 0.1 0.1 0.25 0.3 10 0.1 0.1 0.25 0.3 10 0.1 0.1 0.25 0.3 10 0.1 0.1 0.25 0.3 10 0.1 0.1 0.25 0.3 10 0.1 0.1 0.25 0.3 10 0.1 0.1 0.25 0.3 10 0.1 0.1 0.25 0.3 10 0.1 0.1 0.25 0.3 10 0.1
LS5 l 5 0.1 0.1 0.2 10 0.1 0.25 0.3 0.25 0.3 10 0.1 0.1 0.25 0.3 10 0.1 0.1 0.25 0.3 10 0.1 0.1 0.25 0.3 10 0.1 0.1 0.25 0.3 10 0.1 0.1 0.25 0.3 10 0.1 0.1 0.25 0.3 10 0.1 0.1 0.25 0.3 10 0.1 0.1 0.25 0.3 10 0.1 0.1 0.25 0.3 10 0.1 0.1 0.25 0.3 10 0.1 0.1 0.25 0.3 10 0.1 0.1 0.25 0.3 10 0.1 0.1 0.25 0.3 10 0.1

MS0 l 9 0.63 0.69 2.6 10 0.1 0.25 0.3 0.25 0.3 10 0.1 0.1 0.25 0.3 10 0.1 0.1 0.25 0.3 10 0.1 0.1 0.25 0.3 10 0.1 0.1 0.25 0.3 10 0.1 0.1 0.25 0.3 10 0.1 0.1 0.25 0.3 10 0.1 0.1 0.25 0.3 10 0.1 0.1 0.25 0.3 10 0.1 0.1 0.25 0.3 10 0.1 0.1 0.25 0.3 10 0.1 0.1 0.25 0.3 10 0.1 0.1 0.25 0.3 10 0.1 0.1 0.25 0.3 10 0.1
MS1 l 7 0.3 0.2 0.4 10 0.1 0.25 0.3 0.25 0.3 10 0.1 0.1 0.25 0.3 10 0.1 0.1 0.25 0.3 10 0.1 0.1 0.25 0.3 10 0.1 0.1 0.25 0.3 10 0.1 0.1 0.25 0.3 10 0.1 0.1 0.25 0.3 10 0.1 0.1 0.25 0.3 10 0.1 0.1 0.25 0.3 10 0.1 0.1 0.25 0.3 10 0.1 0.1 0.25 0.3 10 0.1 0.1 0.25 0.3 10 0.1 0.1 0.25 0.3 10 0.1 0.1 0.25 0.3 10 0.1
MS2 l 11.5 1 2 1.05 10 0.1 0.25 0.3 0.25 0.3 10 0.1 0.1 0.25 0.3 10 0.1 0.1 0.25 0.3 10 0.1 0.1 0.25 0.3 10 0.1 0.1 0.25 0.3 10 0.1 0.1 0.25 0.3 10 0.1 0.1 0.25 0.3 10 0.1 0.1 0.25 0.3 10 0.1 0.1 0.25 0.3 10 0.1 0.1 0.25 0.3 10 0.1 0.1 0.25 0.3 10 0.1 0.1 0.25 0.3 10 0.1 0.1 0.25 0.3 10 0.1 0.1 0.25 0.3 10 0.1
MS3 l 8 0.45 0.1 0.12 10 0.1 0.25 0.3 0.25 0.3 10 0.1 0.1 0.25 0.3 10 0.1 0.1 0.25 0.3 10 0.1 0.1 0.25 0.3 10 0.1 0.1 0.25 0.3 10 0.1 0.1 0.25 0.3 10 0.1 0.1 0.25 0.3 10 0.1 0.1 0.25 0.3 10 0.1 0.1 0.25 0.3 10 0.1 0.1 0.25 0.3 10 0.1 0.1 0.25 0.3 10 0.1 0.1 0.25 0.3 10 0.1 0.1 0.25 0.3 10 0.1 0.1 0.25 0.3 10 0.1
MS4 l 3 0.053 0.05 0.14 10 0.1 0.25 0.3 0.25 0.3 10 0.1 0.1 0.25 0.3 10 0.1 0.1 0.25 0.3 10 0.1 0.1 0.25 0.3 10 0.1 0.1 0.25 0.3 10 0.1 0.1 0.25 0.3 10 0.1 0.1 0.25 0.3 10 0.1 0.1 0.25 0.3 10 0.1 0.1 0.25 0.3 10 0.1 0.1 0.25 0.3 10 0.1 0.1 0.25 0.3 10 0.1 0.1 0.25 0.3 10 0.1 0.1 0.25 0.3 10 0.1 0.1 0.25 0.3 10 0.1
MS5 l 5 0.1 0.1 0.2 10 0.1 0.25 0.3 0.25 0.3 10 0.1 0.1 0.25 0.3 10 0.1 0.1 0.25 0.3 10 0.1 0.1 0.25 0.3 10 0.1 0.1 0.25 0.3 10 0.1 0.1 0.25 0.3 10 0.1 0.1 0.25 0.3 10 0.1 0.1 0.25 0.3 10 0.1 0.1 0.25 0.3 10 0.1 0.1 0.25 0.3 10 0.1 0.1 0.25 0.3 10 0.1 0.1 0.25 0.3 10 0.1 0.1 0.25 0.3 10 0.1 0.1 0.25 0.3 10 0.1

NS0 l 6 1.87 0.2 0.3 10 0.1 0.25 0.3 0.25 0.3 10 0.1 0.1 0.25 0.3 10 0.1 0.1 0.25 0.3 10 0.1 0.1 0.25 0.3 10 0.1 0.1 0.25 0.3 10 0.1 0.1 0.25 0.3 10 0.1 0.1 0.25 0.3 10 0.1 0.1 0.25 0.3 10 0.1 0.1 0.25 0.3 10 0.1 0.1 0.25 0.3 10 0.1 0.1 0.25 0.3 10 0.1 0.1 0.25 0.3 10 0.1 0.1 0.25 0.3 10 0.1 0.1 0.25 0.3 10 0.1
NS1 l 25 2.2 1.5 3 10 0.1 0.25 0.3 0.25 0.3 10 0.1 0.1 0.25 0.3 10 0.1 0.1 0.25 0.3 10 0.1 0.1 0.25 0.3 10 0.1 0.1 0.25 0.3 10 0.1 0.1 0.25 0.3 10 0.1 0.1 0.25 0.3 10 0.1 0.1 0.25 0.3 10 0.1 0.1 0.25 0.3 10 0.1 0.1 0.25 0.3 10 0.1 0.1 0.25 0.3 10 0.1 0.1 0.25 0.3 10 0.1 0.1 0.25 0.3 10 0.1 0.1 0.25 0.3 10 0.1
NS2 l 15 0.5 0.6 0.78 10 0.1 0.25 0.3 0.25 0.3 10 0.1 0.1 0.25 0.3 10 0.1 0.1 0.25 0.3 10 0.1 0.1 0.25 0.3 10 0.1 0.1 0.25 0.3 10 0.1 0.1 0.25 0.3 10 0.1 0.1 0.25 0.3 10 0.1 0.1 0.25 0.3 10 0.1 0.1 0.25 0.3 10 0.1 0.1 0.25 0.3 10 0.1 0.1 0.25 0.3 10 0.1 0.1 0.25 0.3 10 0.1 0.1 0.25 0.3 10 0.1 0.1 0.25 0.3 10 0.1
NS3 l 12 0.36 0.91 0.47 10 0.1 0.25 0.3 0.25 0.3 10 0.1 0.1 0.25 0.3 10 0.1 0.1 0.25 0.3 10 0.1 0.1 0.25 0.3 10 0.1 0.1 0.25 0.3 10 0.1 0.1 0.25 0.3 10 0.1 0.1 0.25 0.3 10 0.1 0.1 0.25 0.3 10 0.1 0.1 0.25 0.3 10 0.1 0.1 0.25 0.3 10 0.1 0.1 0.25 0.3 10 0.1 0.1 0.25 0.3 10 0.1 0.1 0.25 0.3 10 0.1 0.1 0.25 0.3 10 0.1
NS4 l 9 0.63 0.69 2.6 10 0.1 0.25 0.3 0.25 0.3 10 0.1 0.1 0.25 0.3 10 0.1 0.1 0.25 0.3 10 0.1 0.1 0.25 0.3 10 0.1 0.1 0.25 0.3 10 0.1 0.1 0.25 0.3 10 0.1 0.1 0.25 0.3 10 0.1 0.1 0.25 0.3 10 0.1 0.1 0.25 0.3 10 0.1 0.1 0.25 0.3 10 0.1 0.1 0.25 0.3 10 0.1 0.1 0.25 0.3 10 0.1 0.1 0.25 0.3 10 0.1 0.1 0.25 0.3 10 0.1
NS5 l 7 0.3 0.2 0.4 10 0.1 0.25 0.3 0.25 0.3 10 0.1 0.1 0.25 0.3 10 0.1 0.1 0.25 0.3 10 0.1 0.1 0.25 0.3 10 0.1 0.1 0.25 0.3 10 0.1 0.1 0.25 0.3 10 0.1 0.1 0.25 0.3 10 0.1 0.1 0.25 0.3 10 0.1 0.1 0.25 0.3 10 0.1 0.1 0.25 0.3 10 0.1 0.1 0.25 0.3 10 0.1 0.1 0.25 0.3 10 0.1 0.1 0.25 0.3 10 0.1 0.1 0.25 0.3 10 0.1

OS0 l 11.5 1 2 1.05 10 0.1 0.25 0.3 0.25 0.3 10 0.1 0.1 0.25 0.3 10 0.1 0.1 0.25 0.3 10 0.1 0.1 0.25 0.3 10 0.1 0.1 0.25 0.3 10 0.1 0.1 0.25 0.3 10 0.1 0.1 0.25 0.3 10 0.1 0.1 0.25 0.3 10 0.1 0.1 0.25 0.3 10 0.1 0.1 0.25 0.3 10 0.1 0.1 0.25 0.3 10 0.1 0.1 0.25 0.3 10 0.1 0.1 0.25 0.3 10 0.1 0.1 0.25 0.3 10 0.1
OS1 l 8 0.45 0.1 0.12 10 0.1 0.25 0.3 0.25 0.3 10 0.1 0.1 0.25 0.3 10 0.1 0.1 0.25 0.3 10 0.1 0.1 0.25 0.3 10 0.1 0.1 0.25 0.3 10 0.1 0.1 0.25 0.3 10 0.1 0.1 0.25 0.3 10 0.1 0.1 0.25 0.3 10 0.1 0.1 0.25 0.3 10 0.1 0.1 0.25 0.3 10 0.1 0.1 0.25 0.3 10 0.1 0.1 0.25 0.3 10 0.1 0.1 0.25 0.3 10 0.1 0.1 0.25 0.3 10 0.1
OS2 l 3 0.053 0.05 0.14 10 0.1 0.25 0.3 0.25 0.3 10 0.1 0.1 0.25 0.3 10 0.1 0.1 0.25 0.3 10 0.1 0.1 0.25 0.3 10 0.1 0.1 0.25 0.3 10 0.1 0.1 0.25 0.3 10 0.1 0.1 0.25 0.3 10 0.1 0.1 0.25 0.3 10 0.1 0.1 0.25 0.3 10 0.1 0.1 0.25 0.3 10 0.1 0.1 0.25 0.3 10 0.1 0.1 0.25 0.3 10 0.1 0.1 0.25 0.3 10 0.1 0.1 0.25 0.3 10 0.1
OS3 l 4 0.1 0.6 0.79 10 0.1 0.25 0.3 0.25 0.3 10 0.1 0.1 0.25 0.3 10 0.1 0.1 0.25 0.3 10 0.1 0.1 0.25 0.3 10 0.1 0.1 0.25 0.3 10 0.1 0.1 0.25 0.3 10 0.1 0.1 0.25 0.3 10 0.1 0.1 0.25 0.3 10 0.1 0.1 0.25 0.3 10 0.1 0.1 0.25 0.3 10 0.1 0.1 0.25 0.3 10 0.1 0.1 0.25 0.3 10 0.1 0.1 0.25 0.3 10 0.1 0.1 0.25 0.3 10 0.1
OS4 l 8.5 0.9 0.72 0.63 10 0.1 0.25 0.3 0.25 0.3 10 0.1 0.1 0.25 0.3 10 0.1 0.1 0.25 0.3 10 0.1 0.1 0.25 0.3 10 0.1 0.1 0.25 0.3 10 0.1 0.1 0.25 0.3 10 0.1 0.1 0.25 0.3 10 0.1 0.1 0.25 0.3 10 0.1 0.1 0.25 0.3 10 0.1 0.1 0.25 0.3 10 0.1 0.1 0.25 0.3 10 0.1 0.1 0.25 0.3 10 0.1 0.1 0.25 0.3 10 0.1 0.1 0.25 0.3 10 0.1
OS5 l 6 0.2 0.4 0.7 10 0.1 0.25 0.3 0.25 0.3 10 0.1 0.1 0.25 0.3 10 0.1 0.1 0.25 0.3 10 0.1 0.1 0.25 0.3 10 0.1 0.1 0.25 0.3 10 0.1 0.1 0.25 0.3 10 0.1 0.1 0.25 0.3 10 0.1 0.1 0.25 0.3 10 0.1 0.1 0.25 0.3 10 0.1 0.1 0.25 0.3 10 0.1 0.1 0.25 0.3 10 0.1 0.1 0.25 0.3 10 0.1 0.1 0.25 0.3 10 0.1 0.1 0.25 0.3 10 0.1

PS0 l 9 0.63 0.69 2.6 10 0.1 0.25 0.3 0.25 0.3 10 0.1 0.1 0.25 0.3 10 0.1 0.1 0.25 0.3 10 0.1 0.1 0.25 0.3 10 0.1 0.1 0.25 0.3 10 0.1 0.1 0.25 0.3 10 0.1 0.1 0.25 0.3 10 0.1 0.1 0.25 0.3 10 0.1 0.1 0.25 0.3 10 0.1 0.1 0.25 0.3 10 0.1 0.1 0.25 0.3 10 0.1 0.1 0.25 0.3 10 0.1 0.1 0.25 0.3 10 0.1 0.1 0.25 0.3 10 0.1
PS1 l 7 0.3 0.2 0.4 10 0.1 0.25 0.3 0.25 0.3 10 0.1 0.1 0.25 0.3 10 0.1 0.1 0.25 0.3 10 0.1 0.1 0.25 0.3 10 0.1 0.1 0.25 0.3 10 0.1 0.1 0.25 0.3 10 0.1 0.1 0.25 0.3 10 0.1 0.1 0.25 0.3 10 0.1 0.1 0.25 0.3 10 0.1 0.1 0.25 0.3 10 0.1 0.1 0.25 0.3 10 0.1 0.1 0.25 0.3 10 0.1 0.1 0.25 0.3 10 0.1 0.1 0.25 0.3 10 0.1
PS2 l 11.5 1 2 1.05 10 0.1 0.25 0.3 0.25 0.3 10 0.1 0.1 0.25 0.3 10 0.1 0.1 0.25 0.3 10 0.1 0.1 0.25 0.3 10 0.1 0.1 0.25 0.3 10 0.1 0.1 0.25 0.3 10 0.1 0.1 0.25 0.3 10 0.1 0.1 0.25 0.3 10 0.1 0.1 0.25 0.3 10 0.1 0.1 0.25 0.3 10 0.1 0.1 0.25 0.3 10 0.1 0.1 0.25 0.3 10 0.1 0.1 0.25 0.3 10 0.1 0.1 0.25 0.3 10 0.1
PS3 l 8 0.45 0.1 0.12 10 0.1 0.25 0.3 0.25 0.3 10 0.1 0.1 0.25 0.3 10 0.1 0.1 0.25 0.3 10 0.1 0.1 0.25 0.3 10 0.1 0.1 0.25 0.3 10 0.1 0.1 0.25 0.3 10 0.1 0.1 0.25 0.3 10 0.1 0.1 0.25 0.3 10 0.1 0.1 0.25 0.3 10 0.1 0.1 0.25 0.3 10 0.1 0.1 0.25 0.3 10 0.1 0.1 0.25 0.3 10 0.1 0.1 0.25 0.3 10 0.1 0.1 0.25 0.3 10 0.1
PS4 l 3 0.053 0.05 0.14 10 0.1 0.25 0.3 0.25 0.3 10 0.1 0.1 0.25 0.3 10 0.1 0.1 0.25 0.3 10 0.1 0.1 0.25 0.3 10 0.1 0.1 0.25 0.3 10 0.1 0.1 0.25 0.3 10 0.1 0.1 0.25 0.3 10 0.1 0.1 0.25 0.3 10 0.1 0.1 0.25 0.3 10 0.1 0.1 0.25 0.3 10 0.1 0.1 0.25 0.3 10 0.1 0.1 0.25 0.3 10 0.1 0.1 0.25 0.3 10 0.1 0.1 0.25 0.3 10 0.1
PS5 l 5 0.1 0.1 0.2 10 0.1 0.25 0.3 0.25 0.3 10 0.1 0.1 0.25 0.3 10 0.1 0.1 0.25 0.3 10 0.1 0.1 0.25 0.3 10 0.1 0.1 0.25 0.3 10 0.1 0.1 0.25 0.3 10 0.1 0.1 0.25 0.3 10 0.1 0.1 0.25 0.3 10 0.1 0.1 0.25 0.3 10 0.1 0.1 0.25 0.3 10 0.1 0.1 0.25 0.3 10 0.1 0.1 0.25 0.3 10 0.1 0.1 0.25 0.3 10 0.1 0.1 0.25 0.3 10 0.1

QS0 l 6 1.87 0.2 0.3 10 0.1 0.25 0.3 0.25 0.3 10 0.1 0.1 0.25 0.3 10 0.1 0.1 0.25 0.3 10 0.1 0.1 0.25 0.3 10 0.1 0.1 0.25 0.3 10 0.1 0.1 0.25 0.3 10 0.1 0.1 0.25 0.3 10 0.1 0.1 0.25 0.3 10 0.1 0.1 0.25 0.3 10 0.1 0.1 0.25 0.3 10 0.1 0.1 0.25 0.3 10 0.1 0.1 0.25 0.3 10 0.1 0.1 0.25 0.3 10 0.1 0.1 0.25 0.3 10 0.1
QS1 l 25 2.2 1.5 3 10 0.1 0.25 0.3 0.25 0.3 10 0.1 0.1 0.25 0.3 10 0.1 0.1 0.25 0.3 10 0.1 0.1 0.25 0.3 10 0.1 0.1 0.25 0.3 10 0.1 0.1 0.25 0.3 10 0.1 0.1 0.25 0.3 10 0.1 0.1 0.25 0.3 10 0.1 0.1 0.25 0.3 10 0.1 0.1 0.25 0.3 10 0.1 0.1 0.25 0.3 10 0.1 0.1 0.25 0.3 10 0.1 0.1 0.25 0.3 10 0.1 0.1 0.25 0.3 10 0.1
QS2 l 15 0.5 0.6 0.78 10 0.1 0.25 0.3 0.25 0.3 10 0.1 0.1 0.25 0.3 10 0.1 0.1 0.25 0.3 10 0.1 0.1 0.25 0.3 10 0.1 0.1 0.25 0.3 10 0.1 0.1 0.25 0.3 10 0.1 0.1 0.25 0.3 10 0.1 0.1 0.25 0.3 10 0.1 0.1 0.25 0.3 10 0.1 0.1 0.25 0.3 10 0.1 0.1 0.25 0.3 10 0.1 0.1 0.25 0.3 10 0.1 0.1 0.25 0.3 10 0.1 0.1 0.25 0.3 10 0.1
QS3 l 12 0.36 0.91 0.47 10 0.1 0.25 0.3 0.25 0.3 10 0.1 0.1 0.25 0.3 10 0.1 0.1 0.25 0.3 10 0.1 0.1 0.25 0.3 10 0.1 0.1 0.25 0.3 10 0.1 0.1 0.25 0.3 10 0.1 0.1 0.25 0.3 10 0.1 0.1 0.25 0.3 10 0.1 0.1 0.25 0.3 10 0.1 0.1 0.25 0.3 10 0.1 0.1 0.25 0.3 10 0.1 0.1 0.25 0.3 10 0.1 0.1 0.25 0.3 10 0.1 0.1 0.25 0.3 10 0.1
QS4 l 9 0.63 0.69 2.6 10 0.1 0.25 0.3 0.25 0.3 10 0.1 0.1 0.25 0.3 10 0.1 0.1 0.25 0.3 10 0.1 0.1 0.25 0.3 10 0.1 0.1 0.25 0.3 10 0.1 0.1 0.25 0.3 10 0.1 0.1 0.25 0.3 10 0.1 0.1 0.25 0.3 10 0.1 0.1 0.25 0.3 10 0.1 0.1 0.25 0.3 10 0.1 0.1 0.25 0.3 10 0.1 0.1 0.25 0.3 10 0.1 0.1 0.25 0.3 10 0.1 0.1 0.25 0.3 10 0.1
QS5 l 7 0.3 0.2 0.4 10 0.1 0.25 0.3 0.25 0.3 10 0.1 0.1 0.25 0.3 10 0.1 0.1 0.25 0.3 10 0.1 0.1 0.25 0.3 10 0.1 0.1 0.25 0.3 10 0.1 0.1 0.25 0.3 10 0.1 0.1 0.25 0.3 10 0.1 0.1 0.25 0.3 10 0.1 0.1 0.25 0.3 10 0.1 0.1 0.25 0.3 10 0.1 0.1 0.25 0.3 10 0.1 0.1 0.25 0.3 10 0.1 0.1 0.25 0.3 10 0.1 0.1 0.25 0.3 10 0.1

RS0 l 11.5 1 2 1.05 10 0.1 0.25 0.3 0.25 0.3 10 0.1 0.1 0.25 0.3 10 0.1 0.1 0.25 0.3 10 0.1 0.1 0.25 0.3 10 0.1 0.1 0.25 0.3 10 0.1 0.1 0.25 0.3 10 0.1 0.1 0.25 0.3 10 0.1 0.1 0.25 0.3 10 0.1 0.1 0.25 0.3 10 0.1 0.1 0.25 0.3 10 0.1 0.1 0.25 0.3 10 0.1 0.1 0.25 0.3 10 0.1 0.1 0.25 0.3 10 0.1 0.1 0.25 0.3 10 0.1
RS1 l 8 0.45 0.1 0.12 10 0.1 0.25 0.3 0.25 0.3 10 0.1 0.1 0.25 0.3 10 0.1 0.1 0.25 0.3 10 0.1 0.1 0.25 0.3 10 0.1 0.1 0.25 0.3 10 0.1 0.1 0.25 0.3 10 0.1 0.1 0.25 0.3 10 0.1 0.1 0.25 0.3 10 0.1 0.1 0.25 0.3 10 0.1 0.1 0.25 0.3 10 0.1 0.1 0.25 0.3 10 0.1 0.1 0.25 0.3 10 0.1 0.1 0.25 0.3 10 0.1 0.1 0.25 0.3 10 0.1
RS2 l 3 0.053 0.05 0.14 10 0.1 0.25 0.3 0.25 0.3 10 0.1 0.1 0.25 0.3 10 0.1 0.1 0.25 0.3 10 0.1 0.1 0.25 0.3 10 0.1 0.1 0.25 0.3 10 0.1 0.1 0.25 0.3 10 0.1 0.1 0.25 0.3 10 0.1 0.1 0.25 0.3 10 0.1 0.1 0.25 0.3 10 0.1 0.1 0.25 0.3 10 0.1 0.1 0.25 0.3 10 0.1 0.1 0.25 0.3 10 0.1 0.1 0.25 0.3 10 0.1 0.1 0.25 0.3 10 0.1
RS3 l 4 0.1 0.6 0.79 10 0.1 0.25 0.3 0.25 0.3 10 0.1 0.1 0.25 0.3 10 0.1 0.1 0.25 0.3 10 0.1 0.1 0.25 0.3 10 0.1 0.1 0.25 0.3 10 0.1 0.1 0.25 0.3 10 0.1 0.1 0.25 0.3 10 0.1 0.1 0.25 0.3 10 0.1 0.1 0.25 0.3 10 0.1 0.1 0.25 0.3 10 0.1 0.1 0.25 0.3 10 0.1 0.1 0.25 0.3 10 0.1 0.1 0.25 0.3 10 0.1 0.1 0.25 0.3 10 0.1
RS4 l 8.5 0.9 0.72 0.63 10 0.1 0.25 0.3 0.25 0.3 10 0.1 0.1 0.25 0.3 10 0.1 0.1 0.25 0.3 10 0.1 0.1 0.25 0.3 10 0.1 0.1 0.25 0.3 10 0.1 0.1 0.25 0.3 10 0.1 0.1 0.25 0.3 10 0.1 0.1 0.25 0.3 10 0.1 0.1 0.25 0.3 10 0.1 0.1 0.25 0.3 10 0.1 0.1 0.25 0.3 10 0.1 0.1 0.25 0.3 10 0.1 0.1 0.25 0.3 10 0.1 0.1 0.25 0.3 10 0.1
RS5 l 6 0.2 0.4 0.7 10 0.1 0.25 0.3 0.25 0.3 10 0.1 0.1 0.25 0.3 10 0.1 0.1 0.25 0.3 10 0.1 0.1 0.25 0.3 10 0.1 0.1 0.25 0.3 10 0.1 0.1 0.25 0.3 10 0.1 0.1 0.25 0.3 10 0.1 0.1 0.25 0.3 10 0.1 0.1 0.25 0.3 10 0.1 0.1 0.25 0.3 10 0.1 0.1 0.25 0.3 10 0.1 0.1 0.25 0.3 10 0.1 0.1 0.25 0.3 10 0.1 0.1 0.25 0.3 10 0.1

SS0 l 9 0.63 0.69 2.6 10 0.1 0.25 0.3 0.25 0.3 10 0.1 0.1 0.25 0.3 10 0.1 0.1 0.25 0.3 10 0.1 0.1 0.25 0.3 10 0.1 0.1 0.25 0.3 10 0.1 0.1 0.25 0.3 10 0.1 0.1 0.25 0.3 10 0.1 0.1 0.25 0.3 10 0.1 0.1 0.25 0.3 10 0.1 0.1 0.25 0.3 10 0.1 0.1 0.25 0.3 10 0.1 0.1 0.25 0.3 10 0.1 0.1 0.25 0.3 10 0.1 0.1 0.25 0.3 10 0.1
SS1 l 7 0.3 0.2 0.4 10 0.1 0.25 0.3 0.25 0.3 10 0.1 0.1 0.25 0.3 10 0.1 0.1 0.25 0.3 10 0.1 0.1 0.25 0.3 10 0.1 0.1 0.25 0.3 10 0.1 0.1 0.25 0.3 10 0.1 0.1 0.25 0.3 10 0.1 0.1 0.25 0.3 10 0.1 0.1 0.25 0.3 10 0.1 0.1 0.25 0.3 10 0.1 0.1 0.25 0.3 10 0.1 0.1 0.25 0.3 10 0.1 0.1 0.25 0.3 10 0.1 0.1 0.25 0.3 10 0.1
SS2 l 11.5 1 2 1.05 10 0.1 0.25 0.3 0.25 0.3 10 0.1 0.1 0.25 0.3 10 0.1 0.1 0.25 0.3 10 0.1 0.1 0.25 0.3 10 0.1 0.1 0.25 0.3 10 0.1 0.1 0.25 0.3 10 0.1 0.1 0.25 0.3 10 0.1 0.1 0.25 0.3 10 0.1 0.1 0.25 0.3 10 0.1 0.1 0.25 0.3 10 0.1 0.1 0.25 0.3 10 0.1 0.1 0.25 0.3 10 0.1 0.1 0.25 0.3 10 0.1 0.1 0.25 0.3 10 0.1
SS3 l 8 0.45 0.1 0.12 10 0.1 0.25 0.3 0.25 0.3 10 0.1 0.1 0.25 0.3 10 0.1 0.1 0.25 0.3 10 0.1 0.1 0.25 0.3 10 0.1 0.1 0.25 0.3 10 0.1 0.1 0.25 0.3 10 0.1 0.1 0.25 0.3 10 0.1 0.1 0.25 0.3 10 0.1 0.1 0.25 0.3 10 0.1 0.1 0.25 0.3 10 0.1 0.1 0.25 0.3 10 0.1 0.1 0.25 0.3 10 0.1 0.1 0.25 0.3 10 0.1 0.1 0.25 0.3 10 0.1
SS4 l 3 0.053 0.05 0.14 10 0.1 0.25 0.3 0.25 0.3 10 0.1 0.1 0.25 0.3 10 0.1 0.1 0.25 0.3 10 0.1 0.1 0.25 0.3 10 0.1 0.1 0.25 0.3 10 0.1 0.1 0.25 0.3 10 0.1 0.1 0.25 0.3 10 0.1 0.1 0.25 0.3 10 0.1 0.1 0.25 0.3 10 0.1 0.1 0.25 0.3 10 0.1 0.1 0.25 0.3 10 0.1 0.1 0.25 0.3 10 0.1 0.1 0.25 0.3 10 0.1 0.1 0.25 0.3 10 0.1
SS5 l 5 0.1 0.1 0.2 10 0.1 0.25 0.3 0.25 0.3 10 0.1 0.1 0.25 0.3 10 0.1 0.1 0.25 0.3 10 0.1 0.1 0.25 0.3 10 0.1 0.1 0.25 0.3 10 0.1 0.1 0.25 0.3 10 0.1 0.1 0.25 0.3 10 0.1 0.1 0.25 0.3 10 0.1 0.1 0.25 0.3 10 0.1 0.1 0.25 0.3 10 0.1 0.1 0.25 0.3 10 0.1 0.1 0.25 0.3 10 0.1 0.1 0.25 0.3 10 0.1 0.1 0.25 0.3 10 0.1

TS0 l 6 1.87 0.2 0.3 10 0.1 0.25 0.3 0.25 0.3 10 0.1 0.1 0.25 0.3 10 0.1 0.1 0.25 0.3 10 0.1 0.1 0.25 0.3 10 0.1 0.1 0.25 0.3 10 0.1 0.1 0.25 0.3 10 0.1 0.1 0.25 0.3 10 0.1 0.1 0.25 0.3 10 0.1 0.1 0.25 0.3 10 0.1 0.1 0.25 0.3 10 0.1 0.1 0.25 0.3 10 0.1 0.1 0.25 0.3 10 0.1 0.1 0.25 0.3 10 0.1 0.1 0.25 0.3 10 0.1
TS1 l 25 2.2 1.5 3 10 0.1 0.25 0.3 0.25 0.3 10 0.1 0.1 0.25 0.3 10 0.1 0.1 0.25 0.3 10 0.1 0.1 0.25 0.3 10 0.1 0.1 0.25 0.3 10 0.1 0.1 0.25 0.3 10 0.1 0.1 0.25 0.3 10 0.1 0.1 0.25 0.3 10 0.1 0.1 0.25 0.3 10 0.1 0.1 0.25 0.3 10 0.1 0.1 0.25 0.3 10 0.1 0.1 0.25 0.3 10 0.1 0.1 0.25 0.3 10 0.1 0.1 0.25 0.3 10 0.1
TS2 l 15 0.5 0.6 0.78 10 0.1 0.25 0.3 0.25 0.3 10 0.1 0.1 0.25 0.3 10 0.1 0.1 0.25 0.3 10 0.1 0.1 0.25 0.3 10 0.1 0.1 0.25 0.3 10 0.1 0.1 0.25 0.3 10 0.1 0.1 0.25 0.3 10 0.1 0.1 0.25 0.3 10 0.1 0.1 0.25 0.3 10 0.1 0.1 0.25 0.3 10 0.1 0.1 0.25 0.3 10 0.1 0.1 0.25 0.3 10 0.1 0.1 0.25 0.3 10 0.1 0.1 0.25 0.3 10 0.1
TS3 l 12 0.36 0.91 0.47 10 0.1 0.25 0.3 0.25 0.3 10 0.1 0.1 0.25 0.3 10 0.1 0.1 0.25 0.3 10 0.1 0.1 0.25 0.3 10 0.1 0.1 0.25 0.3 10 0.1 0.1 0.25 0.3 10 0.1 0.1 0.25 0.3 10 0.1 0.1 0.25 0.3 10 0.1 0.1 0.25 0.3 10 0.1 0.1 0.25 0.3 10 0.1 0.1 0.25 0.3 10 0.1 0.1 0.25 0.3 10 0.1 0.1 0.25 0.3 10 0.1 0.1 0.25 0.3 10 0.1
TS4 l 9 0.63 0.69 2.6 10 0.1 0.25 0.3 0.25 0.3 10 0.1 0.1 0.25 0.3 10 0.1 0.1 0.25 0.3 10 0.1 0.1 0.25 0.3 10 0.1 0.1 0.25 0.3 10 0.1 0.1 0.25 0.3 10 0.1 0.1 0.25 0.3 10 0.1 0.1 0.25 0.3 10 0.1 0.1 0.25 0.3 10 0.1 0.1 0.25 0.3 10 0.1 0.1 0.25 0.3 10 0.1 0.1 0.25 0.3 10 0.1 0.1 0.25 0.3 10 0.1 0.1 0.25 0.3 10 0.1
TS5 l 7 0.3 0.2 0.4 10 0.1 0.25 0.3 0.25 0.3 10 0.1 0.1 0.25 0.3 10 0.1 0.1 0.25 0.3 10 0.1 0.1 0.25 0.3 10 0.1 0.1 0.25 0.3 10 0.1 0.1 0.25 0.3 10 0.1 0.1 0.25 0.3 10 0.1 0.1 0.25 0.3 10 0.1 0.1 0.25 0.3 10 0.1 0.1 0.25 0.3 10 0.1 0.1 0.25 0.3 10 0.1 0.1 0.25 0.3 10 0.1 0.1 0.25 0.3 10 0.1 0.1 0.25 0.3 10 0.1

US0 l 11.5 1 2 1.05 10 0.1 0.25 0.3 0.25 0.3 10 0.1 0.1 0.25 0.3 10 0.1 0.1 0.25 0.3 10 0.1 0.1 0.25 0.3 10 0.1 0.1 0.25 0.3 10 0.1 0.1 0.25 0.3 10 0.1 0.1 0.25 0.3 10 0.1 0.1 0.25 0.3 10 0.1 0.1 0.25 0.3 10 0.1 0.1 0.25 0.3 10 0.1 0.1 0.25 0.3 10 0.1 0.1 0.25 0.3 10 0.1 0.1 0.25 0.3 10 0.1 0.1 0.25 0.3 10 0.1
US1 l 8 0.45 0.1 0.12 10 0.1 0.25 0.3 0.25 0.3 10 0.1 0.1 0.25 0.3 10 0.1 0.1 0.25 0.3 10 0.1 0.1 0.25 0.3 10 0.1 0.1 0.25 0.3 10 0.1 0.1 0.25 0.3 10 0.1 0.1 0.25 0.3 10 0.1 0.1 0.25 0.3 10 0.1 0.1 0.25 0.3 10 0.1 0.1 0.25 0.3 10 0.1 0.1 0.25 0.3 10 0.1 0.1 0.25 0.3 10 0.1 0.1 0.25 0.3 10 0.1 0.1 0.25 0.3 10 0.1
US2 l 3 0.053 0.05 0.14 10 0.1 0.25 0.3 0.25 0.3 10 0.1 0.1 0.25 0.3 10 0.1 0.1 0.25 0.3 10 0.1 0.1 0.25 0.3 10 0.1 0.1 0.25 0.3 10 0.1 0.1 0.25 0.3 10 0.1 0.1 0.25 0.3 10 0.1 0.1 0.25 0.3 10 0.1 0.1 0.25 0.3 10 0.1 0.1 0.25 0.3 10 0.1 0.1 0.25 0.3 10 0.1 0.1 0.25 0.3 10 0.1 0.1 0.25 0.3 10 0.1 0.1 0.25 0.3 10 0.1
US3 l 4 0.1 0.6 0.79 10 0.1 0.25 0.3 0.25 0.3 10 0.1 0.1 0.25 0.3 10 0.1 0.1 0.25 0.3 10 0.1 0.1 0.25 0.3 10 0.1 0.1 0.25 0.3 10 0.1 0.1 0.25 0.3 10 0.1 0.1 0.25 0.3 10 0.1 0.1 0.25 0.3 10 0.1 0.1 0.25 0.3 10 0.1 0.1 0.25 0.3 10 0.1 0.1 0.25 0.3 10 0.1 0.1 0.25 0.3 10 0.1 0.1 0.25 0.3 10 0.1 0.1 0.25 0.3 10 0.1
US4 l 8.5 0.9 0.72 0.63 10 0.1 0.25 0.3 0.25 0.3 10 0.1 0.1 0.25 0.3 10 0.1 0.1 0.25 0.3 10 0.1 0.1 0.25 0.3 10 0.1 0.1 0.25 0.3 10 0.1 0.1 0.25 0.3 10 0.1 0.1 0.25 0.3 10 0.1 0.1 0.25 0.3 10 0.1 0.1 0.25 0.3 10 0.1 0.1 0.25 0.3 10 0.1 0.1 0.25 0.3 10 0.1 0.1 0.25 0.3 10 0.1 0.1 0.25 0.3 10 0.1 0.1 0.25 0.3 10 0.1
US5 l 6 0.2 0.4 0.7 10 0.1 0.25 0.3 0.25 0.3 10 0.1 0.1 0.25 0.3 10 0.1 0.1 0.25 0.3 10 0.1 0.1 0.25 0.3 10 0.1 0.1 0.25 0.3 10 0.1 0.1 0.25 0.3 10 0.1 0.1 0.25 0.3 10 0.1 0.1 0.25 0.3 10 0.1 0.1 0.25 0.3 10 0.1 0.1 0.25 0.3 10 0.1 0.1 0.25 0.3 10 0.1 0.1 0.25 0.3 10 0.1 0.1 0.25 0.3 10 0.1 0.1 0.25 0.3 10 0.1

VS0 l 9 0.63 0.69 2.6 10 0.1 0.25 0.3 0.25 0.3 10 0.1 0.1 0.25 0.3 10 0.1 0.1 0.25 0.3 10 0.1 0.1 0.25 0.3 10 0.1 0.1 0.25 0.3 10 0.1 0.1 0.25 0.3 10 0.1 0.1 0.25 0.3 10 0.1 0.1 0.25 0.3 10 0.1 0.1 0.25 0.3 10 0.1 0.1 0.25 0.3 10 0.1 0.1 0.25 0.3 10 0.1 0.1 0.25 0.3 10 0.1 0.1 0.25 0.3 10 0.1 0.1 0.25 0.3 10 0.1
VS1 l 7 0.3 0.2 0.4 10 0.1 0.25 0.3 0.25 0.3 10 0.1 0.1 0.25 0.3 10 0.1 0.1 0.25 0.3 10 0.1 0.1 0.25 0.3 10 0.1 0.1 0.25 0.3 10 0.1 0.1 0.25 0.3 10 0.1 0.1 0.25 0.3 10 0.1 0.1 0.25 0.3 10 0.1 0.1 0.25 0.3 10 0.1 0.1 0.25 0.3 10 0.1 0.1 0.25 0.3 10 0.1 0.1 0.25 0.3 10 0.1 0.1 0.25 0.3 10 0.1 0.1 0.25 0.3 10 0.1
VS2 l 11.5 1 2 1.05 10 0.1 0.25 0.3 0.25 0.3 10 0.1 0.1 0.25 0.3 10 0.1 0.1 0.25 0.3 10 0.1 0.1 0.25 0.3 10 0.1 0.1 0.25 0.3 10 0.1 0.1 0.25 0.3 10 0.1 0.1 0.25 0.3 10 0.1 0.1 0.25 0.3 10 0.1 0.1 0.25 0.3 10 0.1 0.1 0.25 0.3 10 0.1 0.1 0.25 0.3 10 0.1 0.1 0.25 0.3 10 0.1 0.1 0.25 0.3 10 0.1 0.1 0.25 0.3 10 0.1
VS3 l 8 0.45 0.1 0.12 10 0.1 0.25 0.3 0.25 0.3 10 0.1 0.1 0.25 0.3 10 0.1 0.1 0.25 0.3 10 0.1 0.1 0.25 0.3 10 0.1 0.1 0.25 0.3 10 0.1 0.1 0.25 0.3 10 0.1 0.1 0.25 0.3 10 0.1 0.1 0.25 0.3 10 0.1 0.1 0.25 0.3 10 0.1 0.1 0.25 0.3 10 0.1 0.1 0.25 0.3 10 0.1 0.1 0.25 0.3 10 0.1 0.1 0.25 0.3 10 0.1 0.1 0.25 0.3 10 0.1
VS4 l 3 0.053 0.05 0.14 10 0.1 0.25 0.3 0.25 0.3 10 0.1 0.1 0.25 0.3 10 0.1 0.1 0.25 0.3 10 0.1 0.1 0.25 0.3 10 0.1 0.1 0.25 0.3 10 0.1 0.1 0.25 0.3 10 0.1 0.1 0.25 0.3 10 0.1 0.1 0.25 0.3 10 0.1 0.1 0.25 0.3 10 0.1 0.1 0.25 0.3 10 0.1 0.1 0.25 0.3 10 0.1 0.1 0.25 0.3 10 0.1 0.1 0.25 0.3 10 0.1 0.1 0.25 0.3 10 0.1
VS5 l 5 0.1 0.1 0.2 10 0.1 0.25 0.3 0.25 0.3 10 0.1 0.1 0.25 0.3 10 0.1 0.1 0.25 0.3 10 0.1 0.1 0.25 0.3 10 0.1 0.1 0.25 0.3 10 0.1 0.1 0.25 0.3 10 0.1 0.1 0.25 0.3 10 0.1 0.1 0.25 0.3 10 0.1 0.1 0.25 0.3 10 0.1 0.1 0.25 0.3 10 0.1 0.1 0.25 0.3 10 0.1 0.1 0.25 0.3 10 0.1 0.1 0.25 0.3 10 0.1 0.1 0.25 0.3 10 0.1

WS0 l 6 1.87 0.2 0.3 10 0.1 0.25 0.3 0.25 0.3 10 0.1 0.1 0.25 0.3 10 0.1 0.1 0.25 0.3 10 0.1 0.1 0.25 0.3 10 0.1 0.1 0.25 0.3 10 0.1 0.1 0.25 0.3 10 0.1 0.1 0.25 0.3 10 0.1 0.1 0.25 0.3 10 0.1 0.1 0.25 0.3 10 0.1 0.1 0.25 0.3 10 0.1 0.1 0.25 0.3 10 0.1 0.1 0.25 0.3 10 0.1 0.1 0.25 0.3 10 0.1 0.1 0.25 0.3 10 0.1
WS1 l 25 2.2 1.5 3 10 0.1 0.25 0.3 0.25 0.3 10 0.1 0.1 0.25 0.3 10 0.1 0.1 0.25 0.3 10 0.1 0.1 0.25 0.3 10 0.1 0.1 0.25 0.3 10 0.1 0.1 0.25 0.3 10 0.1 0.1 0.25 0.3 10 0.1 0.1 0.25 0.3 10 0.1 0.1 0.25 0.3 10 0.1 0.1 0.25 0.3 10 0.1 0.1 0.25 0.3 10 0.1 0.1 0.25 0.3 10 0.1 0.1 0.25 0.3 10 0.1 0.1 0.25 0.3 10 0.1
WS2 l 15 0.5 0.6 0.78 10 0.1 0.25 0.3 0.25 0.3 10 0.1 0.1 0.25 0.3 10 0.1 0.1 0.25 0.3 10 0.1 0.1 0.25 0.3 10 0.1 0.1 0.25 0.3 10 0.1 0.1 0.25 0.3 10 0.1 0.1 0.25 0.3 10 0.1 0.1 0.25 0.3 10 0.1 0.1 0.25 0.3 10 0.1 0.1 0.25 0.3 10 0.1 0.1 0.25 0.3 10 0.1 0.1 0.25 0.3 10 0.1 0.1 0.25 0.3 10 0.1 0.1 0.25 0.3 10 0.1
WS3 l 12 0.36 0.91 0.47 10 0.1 0.25 0.3 0.25 0.3 10 0.1 0.1 0.25 0.3 10 0.1 0.1 0.25 0.3 10 0.1 0.1 0.25 0.3 10 0.1 0.1 0.25 0.3 10 0.1 0.1 0.25 0.3 10 0.1 0.1 0.25 0.3 10 0.1 0.1 0.25 0.3 10 0.1 0.1 0.25 0.3 10 0.1 0.1 0.25 0.3 10 0.1 0.1 0.25 0.3 10 0.1 0.1 0.25 0.3 10 0.1 0.1 0.25 0.3 10 0.1 0.1 0.25 0.3 10 0.1
WS4 l 9 0.63 0.69 2.6 10 0.1 0.25 0.3 0.25 0.3 10 0.1 0.1 0.25 0.3 10 0.1 0.1 0.25 0.3 10 0.1 0.1 0.25 0.3 10 0.1 0.1 0.25 0.3 10 0.1 0.1 0.25 0.3 10 0.1 0.1 0.25 0.3 10 0.1 0.1 0.25 0.3 10 0.1 0.1 0.25 0.3 10 0.1 0.1 0.25 0.3 10 0.1 0.1 0.25 0.3 10 0.1 0.1 0.25 0.3 10 0.1 0.1 0.25 0.3 10 0.1 0.1 0.25 0.3 10 0.1
WS5 l 7 0.3 0.2 0.4 10 0.1 0.25 0.3 0.25 0.3 10 0.1 0.1 0.25 0.3 10 0.1 0.1 0.25 0.3 10 0.1 0.1 0.25 0.3 10 0.1 0.1 0.25 0.3 10 0.1 0.1 0.25 0.3 10 0.1 0.1 0.25 0.3 10 0.1 0.1 0.25 0.3 10 0.1 0.1 0.25 0.3 10 0.1 0.1 0.25 0.3 10 0.1 0.1 0.25 0.3 10 0.1 0.1 0.25 0.3 10 0.1 0.1 0.25 0.3 10 0.1 0.1 0.25 0.3 10 0.1

XS0 l 11.5 1 2 1.05 10 0.1 0.25 0.3 0.25 0.3 10 0.1 0.1 0.25 0.3 10 0.1 0.1 0.25 0.3 10 0.1 0.1 0.25 0.3 10 0.1 0.1 0.25 0.3 10 0.1 0.1 0.25 0.3 10 0.1 0.1 0.25 0.3 10 0.1 0.1 0.25 0.3 10 0.1 0.1 0.25 0.3 10 0.1 0.1 0.25 0.3 10 0.1 0.1 0.25 0.3 10 0.1 0.1 0.25 0.3 10 0.1 0.1 0.25 0.3 10 0.1 0.1 0.25 0.3 10 0.1
XS1 l 8 0.45 0.1 0.12 10 0.1 0.25 0.3 0.25 0.3 10 0.1 0.1 0.25 0.3 10 0.1 0.1 0.25 0.3 10 0.1 0.1 0.25 0.3 10 0.1 0.1 0.25 0.3 10 0.1 0.1 0.25 0.3 10 0.1 0.1 0.25 0.3 10 0.1 0.1 0.25 0.3 10 0.1 0.1 0.25 0.3 10 0.1 0.1 0.25 0.3 10 0.1 0.1 0.25 0.3 10 0.1 0.1 0.25 0.3 10 0.1 0.1 0.25 0.3 10 0.1 0.1 0.25 0.3 10 0.1
XS2 l 3 0.053 0.05 0.14 10 0.1 0.25 0.3 0.25 0.3 10 0.1 0.1 0.25 0.3 10 0.1 0.1 0.25 0.3 10 0.1 0.1 0.25 0.3 10 0.1 0.1 0.25 0.3 10 0.1 0.1 0.25 0.3 10 0.1 0.1 0.25 0.3 10 0.1 0.1 0.25 0.3 10 0.1 0.1 0.25 0.3 10 0.1 0.1 0.25 0.3 10 0.1 0.1 0.25 0.3 10 0.1 0.1 0.25 0.3 10 0.1 0.1 0.25 0.3 10 0.1 0.1 0.25 0.3 10 0.1
XS3 l 4 0.1 0.6 0.79 10 0.1 0.25 0.3 0.25 0.3 10 0.1 0.1 0.25 0.3 10 0.1 0.1 0.25 0.3 10 0.1 0.1 0.25 0.3 10 0.1 0.1 0.25 0.3 10 0.1 0.1 0.25 0.3 10 0.1 0.1 0.25 0.3 10 0.1 0.1 0.25 0.3 10 0.1 0.1 0.25 0.3 10 0.1 0.1 0.25 0.3 10 0.1 0.1 0.25 0.3 10 0.1 0.1 0.25 0.3 10 0.1 0.1 0.25 0.3 10 0.1 0.1 0.25 0.3 10 0.1
XS4 l 8.5 0.9 0.72 0.63 10 0.1 0.25 0.3 0.25 0.3 10 0.1 0.1 0.25 0.3 10 0.1 0.1 0.25 0.3 10 0.1 0.1 0.25 0.3 10 0.1 0.1 0.25 0.3 10 0.1 0.1 0.25 0.3 10 0.1 0.1 0.25 0.3 10 0.1 0.1 0.25 0.3 10 0.1 0.1 0.25 0.3 10 0.1 0.1 0.25 0.3 10 0.1 0.1 0.25 0.3 10 0.1 0.1 0.25 0.3 10 0.1 0.1 0.25 0.3 10 0.1 0.1 0.25 0.3 10 0.1
XS5 l 6 0.2 0.4 0.7 10 0.1 0.25 0.3 0.25 0.3 10 0.1 0.1 0.25 0.3 10 0.1 0.1 0.25 0.3 10 0.1 0.1 0.25 0.3 10 0.1 0.1 0.25 0.3 10 0.1 0.1 0.25 0.3 10 0.1 0.1 0.25 0.3 10 0.1 0.1 0.25 0.3 10 0.1 0.1 0.25 0.3 10 0.1 0.1 0.25 0.3 10 0.1 0.1 0.25 0.3 10 0.1 0.1 0.25 0.3 10 0.1 0.1 0.25 0.3 10 0.1 0.1 0.25 0.3 10 0.1

YS0 l 9 0.63 0.69 2.6 10 0.1 0.25 0.3 0.25 0.3 10 0.1 0.1 0.25 0.3 10 0.1 0.1 0.25 0.3 10 0.1 0.1 0.25 0.3 10 0.1 0.1 0.25 0.3 10 0.1 0.1 0.25 0.3 10 0.1 0.1 0.25 0.3 10 0.1 0.1 0.25 0.3 10 0.1 0.1 0.25 0.3 10 0.1 0.1 0.25 0.3 10 0.1 0.1 0.25 0.3 10 0.1 0.1 0.25 0.3 10 0.1 0.1 0.25 0.3 10 0.1 0.1 0.25 0.3 10 0.1
YS1 l 7 0.3 0.2 0.4 10 0.1 0.25 0.3 0.25 0.3 10 0.1 0.1 0.25 0.3 10 0.1 0.1 0.25 0.3 10 0.1 0.1 0.25 0.3 10 0.1 0.1 0.25 0.3 10 0.1 0.1 0.25 0.3 10 0.1 0.1 0.25 0.3 10 0.1 0.1 0.25 0.3 10 0.1 0.1 0.25 0.3 10 0.1 0.1 0.25 0.3 10 0.1 0.1 0.25 0.3 10 0.1 0.1 0.25 0.3 10 0.1 0.1 0.25 0.3 10 0.1 0.1 0.25 0.3 10 0.1
YS2 l 11.5 1 2 1.05 10 0.1 0.25 0.3 0.25 0.3 10 0.1 0.1 0.25 0.3 10 0.1 0.1 0.25 0.3 10 0.1 0.1 0.25 0.3 10 0.1 0.1 0.25 0.3 10 0.1 0.1 0.25 0.3 10 0.1 0.1 0.25 0.3 10 0.1 0.1 0.25 0.3 10 0.1 0.1 0.25 0.3 10 0.1 0.1 0.25 0.3 10 0.1 0.1 0.25 0.3 10 0.1 0.1 0.25 0.3 10 0.1 0.1 0.25 0.3 10 0.1 0.1 0.25 0.3 10 0.1
YS3 l 8 0.45 0.1 0.12 10 0.1 0.25 0.3 0.25 0.3 10 0.1 0.1 0.25 0.3 10 0.1 0.1 0.25 0.3 10 0.1 0.1 0.25 0.3 10 0.1 0.1 0.25 0.3 10 0.1 0.1 0.25 0.3 10 0.1 0.1 0.25 0.3 10 0.1 0.1 0.25 0.3 10 0.1 0.1 0.25 0.3 10 0.1 0.1 0.25 0.3 10 0.1 0.1 0.25 0.3 10 0.1 0.1 0.25 0.3 10 0.1 0.1 0.25 0.3 10 0.1 0.1 0.25 0.3 10 0.1
YS4 l 3 0.053 0.05 0.14 10 0.1 0.25 0.3 0.25 0.3 10 0.1 0.1 0.25 0.3 10 0.1 0.1 0.25 0.3 10 0.1 0.1 0.25 0.3 10 0.1 0.1 0.25 0.3 10 0.1 0.1 0.25 0.3 10 0.1 0.1 0.25 0.3 10 0.1 0.1 0.25 0.3 10 0.1 0.1 0.25 0.3 10 0.1 0.1 0.25 0.3 10 0.1 0.1 0.25 0.3 10 0.1 0.1 0.25 0.3 10 0.1 0.1 0.25 0.3 10 0.1 0.1 0.25 0.3 10 0.1
YS5 l 5 0.1 0.1 0.2 10 0.1 0.25 0.3 0.25 0.3 10 0.1 0.1 0.25 0.3 10 0.1 0.1 0.25 0.3 10 0.1 0.1 0.25 0.3 10 0.1 0.1 0.25 0.3 10 0.1 0.1 0.25 0.3 10 0.1 0.1 0.25 0.3 10 0.1 0.1 0.25 0.3 10 0.1 0.1 0.25 0.3 10 0.1 0.1 0.25 0.3 10 0.1 0.1 0.25 0.3 10 0.1 0.1 0.25 0.3 10 0.1 0.1 0.25 0.3 10 0.1 0.1 0.25 0.3 10 0.1

ZS0 l 9 0.63 0.69 2.6 10 0.1 0.25 0.3 0.25 0.3 10 0.1 0.1 0.25 0.3 10 0.1 0.1 0.25 0.3 10 0.1 0.1 0.25 0.3 10 0.1 0.1 0.25 0.3 10 0.1 0.1 0.25 0.3 10 0.1 0.1 0.25 0.3 10 0.1 0.1 0.25 0.3 10 0.1 0.1 0.25 0.3 10 0.1 0.1 0.25 0.3 10 0.1 0.1 0.25 0.3 10 0.1 0.1 0.25 0.3 10 0.1 0.1 0.25 0.3 10 0.1 0.1 0.25 0.3 10 0.1
ZS1 l 7 0.3 0.2 0.4 10 0.1 0.25 0.3 0.25 0.3 10 0.1 0.1 0.25 0.3 10 0.1 0.1 0.25 0.3 10 0.1 0.1 0.25 0.3 10 0.1 0.1 0.25 0.3 10 0.1 0.1 0.25 0.3 10 0.1 0.1 0.25 0.3 10 0.1 0.1 0.25 0.3 10 0.1 0.1 0.25 0.3 10 0.1 0.1 0.25 0.3 10 0.1 0.1 0.25 0.3 10 0.1 0.1 0.25 0.3 10 0.1 0.1 0.25 0.3 10 0.1 0.1 0.25 0.3 10 0.1
ZS2 l 11.5 1 2 1.05 10 0.1 0.25 0.3 0.25 0.3 10 0.1 0.1 0.25 0.3 10 0.1 0.1 0.25 0.3 10 0.1 0.1 0.25 0.3 10 0.1 0.1 0.25 0.3 10 0.1 0.1 0.25 0.3 10 0.1 0.1 0.25 0.3 10 0.1 0.1 0.25 0.3 10 0.1 0.1 0.25 0.3 10 0.1 0.1 0.25 0.3 10 0.1 0.1 0.25 0.3 10 0.1 0.1 0.25 0.3 10 0.1 0.1 0.25 0.3 10 0.1 0.1 0.25 0.3 10 0.1
ZS3 l 8 0.45 0.1 0.12 10 0.1 0.25 0.3 0.25 0.3 10 0.1 0.1 0.25 0.3 10 0.1 0.1 0.25 0.3 10 0.1 0.1 0.25 0.3 10 0.1 0.1 0.25 0.3 10 0.1 0.1 0.25 0.3 10 0.1 0.1 0.25 0.3 10 0.1 0.1 0.25 0.3 10 0.1 0.1 0.25 0.3 10 0.1 0.1 0.25 0.3 10 0.1 0.1 0.25 0.3 10 0.1 0.1 0.25 0.3 10 0.1 0.1 0.25 0.3 10 0.1 0.1 0.25 0.3 10 0.1
ZS4 l 3 0.053 0.05 0.14 10 0.1 0.25 0.3 0.25 0.3 10 0.1 0.1 0.25 0.3 10 0.1 0.1 0.25 0.3 10 0.1 0.1 0.25 0.3 10 0.1 0.1 0.25 0.3 10 0.1 0.1 0.25 0.3 10 0.1 0.1 0.25 0.3 10 0.1 0.1 0.25 0.3 10 0.1 0.1 0.25 0.3 10 0.1 0.1 0.25 0.3 10 0.1 0.1 0.25 0.3 10 0.1 0.1 0.25 0.3 10 0.1 0.1 0.25 0.3 10 0.1 0.1 0.25 0.3 10 0.1
ZS5 r 5 0.15 0.1 0.2 10 0.1 0.25 0.3 0.25 0.3 10 0.1 0.1 0.25 0.3 10 0.1 0.1 0.25 0.3 10 0.1 0.1 0.25 0.3 10 0.1 0.1 0.25 0.3 10 0.1 0.1 0.25 0.3 10 0.1 0.1 0.25 0.3 10 0.1 0.1 0.25 0.3 10 0.1 0.1 0.25 0.3 10 0.1 0.1 0.25 0.3 10 0.1 0.1 0.25 0.3 10 0.1 0.1 0.25 0.3 10 0.1 0.1 0.25 0.3 10 0.1 0.1 0.25 0.3 10 0.1

@Limites
@Critico 0.5 0.3 0.1 0.7 10 0.1 0.25 0.3 0.25 0.3 10 0.1 0.1 0.25 0.3 10 0.1 0.1 0.25 0.3 10 0.1 0.1 0.25 0.3 10 0.1 0.1 0.25 0.3 10 0.1 0.1 0.25 0.3 10 0.1 0.1 0.25 0.3 10 0.1 0.1 0.25 0.3 10 0.1 0.1 0.25 0.3 10 0.1 0.1 0.25 0.3 10 0.1 0.1 0.25 0.3 10 0.1 0.1 0.25 0.3 10 0.1 0.1 0.25 0.3 10 0.1 0.1 0.25 0.3 10 0.1
@Desvio 0.3 0.25 0.05 0.35 10 0.1 0.25 0.3 0.25 0.3 10 0.1 0.1 0.25 0.3 10 0.1 0.1 0.25 0.3 10 0.1 0.1 0.25 0.3 10 0.1 0.1 0.25 0.3 10 0.1 0.1 0.25 0.3 10 0.1 0.1 0.25 0.3 10 0.1 0.1 0.25 0.3 10 0.1 0.1 0.25 0.3 10 0.1 0.1 0.25 0.3 10 0.1 0.1 0.25 0.3 10 0.1 0.1 0.25 0.3 10 0.1 0.1 0.25 0.3 10 0.1 0.1 0.25 0.3 10 0.1