@Avenidas
6
@Calles
6
@CapacidadBalsa
1000
@MatrizSensores
DN1 DN2 DN3 DN4 DN5 DN6 DN7 
CN1 CN2 CN3 CN4 CN5 CN6 CN7 
BN1 BN2 BN3 BN4 BN5 BN6 BN7 
A1 A2 A3 A4 A5 A6 A7 
BS1 BS2 BS3 BS4 BS5 BS6 BS7 
CS1 CS2 CS3 CS4 CS5 CS6 CS7 

@Limites
Contaminante1 1.9394903055242187 22.960470409317576
Contaminante2 1.1959920173666578 49.64642777700621
Contaminante3 1.9263150692586186 45.34203458094518
Contaminante4 1.323018152557153 28.525585205892572
Contaminante5 1.5167579419107482 33.1588768939729
Contaminante6 1.1280534119502084 37.82452204944127
Contaminante7 1.8538781464886616 49.0755155918837
Contaminante8 1.8084888994846364 24.74631386802102
Contaminante9 1.3211752266153218 27.392509415924096
Contaminante10 1.699846846614128 44.97516392122709
Contaminante11 1.1392860016050268 32.91524435536054
Contaminante12 1.553764589010315 49.21148402261417
Contaminante13 1.6644104118103644 33.4081016202677
Contaminante14 1.867611372893247 29.752781630842357
Contaminante15 1.448845275087101 29.30436356087697
Contaminante16 1.3101500336833916 32.406908748961
Contaminante17 1.7241027262553952 29.68399976674036
Contaminante18 1.8643163480149272 22.33478425542899
Contaminante19 1.9453126198106228 42.31077725129438
Contaminante20 1.3129729877965386 24.16774109542214
Contaminante21 1.3919558307762048 47.73693679330933
Contaminante22 1.6264064045671789 46.93020505848153
Contaminante23 1.254448323604587 23.13796769583177
Contaminante24 1.7713691645813396 22.9214370610572
Contaminante25 1.34869293448212 20.63181465807055

@Empresas
DN 1 r 28.569369615221394 0.9904881201740839 0.24553854769057204 0.2214272695044196 0.5459287752579798 0.4868211935426733 806.2416888950238 0.6771905735612272 0.04627550475997988 0.9243967430670544 0.02011683782033491 0.6985666964234076 0.5740411592590517 0.04188463350220406 0.878833977940522 0.4207661533811631 0.7828427836352989 0.04179597506594557 0.5575677631724123 0.8568495485120504 0.16195247560647819 0.4971962765833148 0.5865927541623345 0.28388744394729415 0.34000208150347355 0.411777836963764 
DN 2 l 2.29671214820448 0.05931236025869302 0.49484556860113427 0.4258979178968155 0.30098763699731845 0.7024693177694605 0.174684238309873 0.766535013879466 0.8873764852840638 0.019371381139701827 0.8669390808514787 0.751270979135683 0.02734502200567046 0.7508231472080903 0.5390561104800248 0.2919329765128612 0.3649703112949345 0.17385217335007586 0.6674922884716961 0.648313565136924 0.44037480442643195 0.20427798885263415 0.27131953574237566 0.1707965558800041 0.47546728574931096 0.5836630049778624 
DN 3 l 82.57713232037571 0.23502493977961014 0.8506272250612587 0.49461463040654285 0.9715749107312843 0.87574487754088 0.25060987572015625 0.3501713728985756 0.2689740747871221 0.5171822697277412 0.4735130846166943 0.8631741061586227 0.9680848288034603 0.12103140743432006 0.1252634032629869 0.3109960655709004 0.7122171576027275 0.14899513080577798 0.13717966783509128 0.42865720061400314 0.9195180832889713 0.38452677440849525 0.8961365772785268 0.9819475564038438 0.344558872063903 0.2500186697971538 
DN 4 l 74.14760787589458 0.38468936780749974 0.9285489679237093 0.5953301351761721 0.8933301511088008 0.2798716014099253 0.6080892673869801 0.9889872418272746 0.16710624760995874 0.293181563085009 0.20611286646416804 0.3058011402776035 0.7014154412176544 0.6788942141243465 0.00383414762307821 0.2292864452458374 0.9930317177585614 0.7460438554744018 0.7218472750891254 0.5054115240029586 0.07769520330213275 0.6075779408870094 0.7027224779582546 0.7490687827447222 0.4606566779213085 0.26869957228173147 
DN 5 l 4.084509844005242 0.057667519213304375 0.5527200538959278 0.6185642832736786 0.5097191225039214 0.47066459856518417 0.9887196489128813 0.5065337696593459 0.3110220329823081 0.5405632668241954 0.1925412281836837 0.9023632625899372 0.43763225880612233 0.2689860872819744 0.46111801910994166 0.7499292825828849 0.31174883749430793 0.8814184655537495 0.2698631239293817 0.9604300181301375 0.6957211251425675 0.016196889092315314 0.11382537228341871 0.7800850448554228 0.7991239124013765 0.7668992759778254 
DN 6 r 66.88868035944736 0.593657980293055 0.5801212545705512 0.5359972339333808 712.121016104768 0.6344910146192484 0.8162856369943545 0.019816307329846516 0.6958940119501812 0.047004611848828426 0.11804742852997097 0.08181286531973919 0.18959238267512013 0.979515244595954 0.5990197363513254 0.49921980118105014 0.4632334563823406 0.7453881418141964 0.2649608236403833 0.5124210799357994 0.5539933049644541 0.08206507440085309 0.010225871699421463 0.5567241691064169 0.7882731719915471 0.43987824778763684 

CN 1 r 99.4259858810892 0.03716312882381112 0.980124081382767 0.19560753289953026 0.7827597230788784 0.4231014227588603 0.009722540820416237 0.4669542251961305 0.2574121627591488 0.19895147322933437 0.9088888099829205 0.46712843411030625 0.19477490871042902 0.2170074957564252 0.21859596560754302 0.4369698041618535 0.6436356478045381 0.1329787333062834 0.44620884528699556 0.9008831848249721 0.5629895858652672 0.24879160851672033 0.32052059903063856 0.02693696537669421 0.6717534147643746 0.6880877050776162 
CN 2 l 68.4710214060462 0.6199983388817039 0.41958505599351803 0.9256122118964414 0.9428979755358388 0.18803123337168015 0.496008808478938 0.9434650765213928 0.5239321225760554 0.25188007600710083 0.7600868869868052 0.7858096346144037 0.44312202027418357 0.06721586765029652 0.1841448054939404 0.8712436190866322 0.19569202509544004 0.018470345288166046 0.9561233291233974 0.4107432991076755 0.6278399837403119 0.35588476519524115 0.4023814504315423 0.8650383543536533 0.5281884414476546 0.6004523657505497 
CN 3 r 84.79718823667629 0.8662475077522733 0.2351926655846407 0.5428303342773062 0.20048315057752486 0.1613186624610533 0.02092335757226116 0.8966067702296086 0.8192349449129067 0.4271820476440318 0.7756714080166026 0.28140992055608616 0.34244350462073825 0.6310747071010423 0.7390919093145283 0.9030205165573096 0.5284023788947109 0.6298807483226645 0.7067393411989644 0.3201714444204137 0.2432276534457707 0.10211865918338991 0.9637633011907475 0.43078055265913606 0.9587362448509078 0.08122505881085174 
CN 4 r 67.68405027539156 0.6603899667302887 0.31379813337811213 0.7842683659749519 0.7394742727097876 0.9121618236935467 0.8158783649023585 0.7040204364038598 0.3775257193229491 0.7792829016296771 0.6810077273111834 0.9664926798705767 0.20070065849674568 0.5451797727984755 0.40572301269046307 0.8581439112962013 0.7503663678091144 0.6755135958206074 0.7413030057500284 0.5116618810077881 0.4612639878300663 0.2800838985232418 0.3550028163325176 0.2831621327483118 0.5842485974346804 0.40246173002762065 
CN 5 l 39.577658013165866 0.8559402081544945 0.827567935923334 0.34757748986582404 0.1463344562963369 0.8962734718848668 0.7390145051984389 0.5923792684439133 0.5956954339182616 0.8237225111053096 0.4808778308956393 0.16269504428394366 0.16851146501791336 0.11801666162204572 0.8826751196608211 0.521261586243097 0.724494609063892 0.3314519322188594 0.09166563627309143 0.3256885375345604 0.7309856049633421 0.8524416484048498 0.6232012694295127 0.29992741680860524 0.9154736935404653 0.5587396531002243 
CN 6 r 39.38243912872692 0.7783013953656225 0.8628075159645516 0.7819294087955905 0.8032202289626369 0.7607502533369606 0.34808698672116256 0.5425990974392199 0.35696173515750307 0.989681083940778 0.9224777042552822 0.9519414508289473 0.20137970237006741 0.42712795532428627 0.17410923886303675 0.15771308029280717 0.22966910133153418 0.9417225451871838 0.40453572098975954 0.8242299653011824 0.19029784282509843 0.2885513891764525 0.6357700745783889 0.06636105746173382 0.4674715113295852 0.23502529944590578 

BN 1 r 74.27133484173918 0.09927749411425513 0.10256728746951449 0.7255321580027655 0.6205301769201973 0.9573672302815447 0.8074009067383796 0.12434501831485867 0.5193909700659565 0.31769946834142904 0.07844840728784064 0.37933067203872073 0.37022208210540786 0.8887807789283263 0.9063242613439491 0.09883125524618108 0.806393155963319 0.7320048481515049 0.4346360870728122 0.06127583642088752 0.29559346027164146 0.4081048660590957 0.4432817803632727 0.8895568521454057 0.5407514083294026 0.11439822825285217 
BN 2 r 30.022654080288472 0.0020482592778543474 0.5394166724730651 0.7026727216574754 0.6291303288348226 0.766375803715259 0.6546785465327678 0.00867775571489926 0.03948991363055854 0.5384377774650907 0.6877747735441375 0.6279201981037584 0.8422750460702003 0.35679751479918664 0.07660350313415121 0.2798305430096617 0.48150779594324256 0.748524984016818 0.2915027080699072 0.15744762436844484 0.8234698462567237 0.4276987330948201 0.030194091127624167 0.6405047105547929 0.21817822252093588 0.31586914779855313 
BN 3 r 44.54671133453805 0.7856468959226178 0.6166912180678005 0.7013851104875101 0.1787220009126338 0.6139764361327696 0.9122871842239753 0.522547090270905 0.154207695149571 0.908852965805995 0.7654994742889389 0.8304282262587865 0.5807745446665852 0.5178267958951219 0.11004795460608319 0.22732912463922672 0.3983236272987648 0.6677802838276256 0.789705068616555 0.5804537928007136 0.8482744857698141 0.20028317853189648 0.967955622066789 0.4523872627050175 0.8839994019929954 0.06707321915691344 
BN 4 l 77.34962072995597 0.28577250798211573 0.3566885032787559 0.45147851453033994 0.9496011898473815 0.8955470955696977 0.6633172381175795 0.5585631810203394 0.6540980965260957 0.6066012798553243 0.18021965167710885 0.09707957652222332 0.7652907844372384 0.7440690557682731 0.5026160697653685 0.410342489905981 0.7157730612369988 0.2546003311912758 0.7587235803917758 0.5809047932437168 0.7947824723860776 0.6868693810298583 0.35266364854415566 0.4666886299374007 0.12527727690178447 0.2893786988076863 
BN 5 r 30.625891301646185 0.01721239049485812 0.6779813561834771 0.8582168240068279 0.08420682707824789 0.3425521293726618 0.43277105732382226 0.9341965653734104 0.7401123644755905 0.22697274253888255 0.6724668377645839 0.49887526344628796 0.31935696460801766 0.533870638397179 0.12414433590299967 0.11294287582226992 0.19853309777247619 0.3282072887149261 0.4571438392570375 0.47807472368747184 0.09550013987433337 0.7508850360121013 0.6822103503992758 0.8329295449028561 0.5916367837090425 0.5087625684532873 
BN 6 l 23.80945255634858 0.8387561175335505 0.49108302021001227 0.9210012953831745 0.21403861875343033 0.18777476715196328 0.8600008195727831 0.403737978808953 0.018723316786043664 0.6178283738115881 0.3310589988965946 0.817663901165294 0.17021150904995774 0.2673779071604758 0.2588810075168392 0.347740071285216 0.9722760069422047 0.07295235715857862 0.5740065385737122 0.07972880971999285 0.18220094431930278 0.5065252526207031 0.5787142033201813 0.055056263968544794 0.9075570542723506 0.6691237268844688 


A 1 r 11.180972078026775 0.7095111906948406 0.4253640905273818 0.5461208191438 0.5449994930762803 0.9431241356948897 0.09798725099921823 0.05876263473341503 0.8803386976337658 0.9132990992539662 0.7564037305862544 0.6568344073885446 0.8027466650056351 0.26924555817255336 0.1490141353541583 0.5889701031789515 0.7877592832757491 0.9529855000834407 0.3129633530681494 0.6599627494209942 0.011692072961885791 0.8806867782442125 0.014973674968744577 0.23853319869712553 0.7432565336169638 0.7878005114608927 
A 2 l 73.26825971584968 0.5143676012746596 0.03581372131016536 0.2724568514122897 0.9784156980100263 0.519834763226933 0.2915848392854119 0.6038000395866531 0.2267181877220772 0.22964634561749953 0.5435519476629367 0.17542035281845492 0.9707988050007675 0.1308243499211852 0.10644721697661552 0.5787667833839206 0.06834034559165814 0.01569211756996225 0.5851418750675983 0.14740108535487373 0.8634610791366021 0.39220631266165573 0.0969110000633393 0.48018045796807984 0.15600450495784013 0.8287991293390838 
A 3 l 96.38294069101657 0.889932495031147 0.6077731699570564 0.7550015389794453 0.059294807039934505 0.9439126880014401 0.7493112235616257 0.724469722425131 0.4648192778851611 0.2633114164170105 0.35337949448766215 0.9136388727119606 0.06593290165358767 0.5313036202992043 0.5750560793874244 0.677079337155859 0.2660340726651529 0.22261138727596186 0.9234341530618543 0.30973264898222064 0.032223270916298286 0.912275878266288 0.8261780316322893 0.7765555930287484 0.08430291965792147 0.14731152191053132 
A 4 l 28.29804693539342 0.0617025144917559 0.15336563170741868 0.7721424977488658 0.8048113691101376 0.9622278260784805 0.8861736483887384 0.28719736859888034 0.8286817529795435 0.6053916353378492 0.15219569961116142 0.28976492136568355 0.2133480686797159 0.7040033587064013 0.22208197989862033 0.2971902398323435 0.7809049152011177 0.58083993473296 0.5295216997309068 0.284717385429206 0.34741673435926723 0.29102642350614416 0.5028418370420175 0.0837606435214745 0.8035710515314104 0.7503682169679214 
A 5 l 26.578617902973395 0.3811137690710583 0.694684142504536 0.6379765753157022 0.7844973036299959 0.4355826540574985 0.7341716136486865 0.9831294996217879 0.6135446263071034 0.7857534855509936 0.6933858691868765 0.7691623267656051 0.8779427802675147 0.16108530588214964 0.15076054613590217 0.5912840585604321 0.077910035953619 0.5282422543958429 0.6544921965114505 0.39056634236459464 0.8497173222145632 0.7055570214383488 0.9555277047080505 0.5529542022529657 0.5167988673595926 0.2607444610075519 
A 6 r 11.040128434879268 0.20999891731967013 0.2303796996691787 0.47045970004708393 0.34661689086476066 0.4071150191777628 0.061954941112961626 0.9650229349361799 0.031165100998099216 0.915515115007002 0.4968700987468855 0.3076083529230791 0.8070945823614987 0.8555773905186409 0.3964159318964089 0.16442256288432067 0.8508570487611883 0.9722527586771635 0.6452650706098008 0.910872903424031 0.9899760088621279 0.3572197279898156 0.3817419615083931 0.4884542307404969 0.9934827506143229 0.6478468524768527 

BS 1 r 8.72774204881694 0.6282144360993412 0.24962422980128618 0.21899681989418573 0.6876347731005051 0.46684536112965147 0.9265768748619159 0.018287095659568875 0.06561750164233693 0.8485602110481765 0.1832744200770704 0.5848878274563561 0.4462397896527148 0.8395682370238183 0.22240345080641866 0.32917053896679194 0.5088595404919501 0.5181955730001553 0.9034697572873652 0.4344706238603434 0.590625237854296 0.4180826011775548 0.05105016787974259 0.0352324255416917 0.6302986340474318 0.5030517010868739 
BS 2 r 66.84628403480103 0.4118252467818414 0.5407740279750275 0.6185005065501216 0.07128728846561139 0.1317486962692943 0.7088109905985995 0.9667140552946482 0.815533043614021 0.06010945053550831 0.10272408872920724 0.7872791514422672 0.15557320515141237 0.6866650903221909 0.03224928715805242 0.08882236976033253 0.3304792761377635 0.2723959633078582 0.9495339582089607 0.9745831228273074 0.40021017549488047 0.9054785747503261 0.8061732039829792 0.8318715416544311 0.33847761831098055 0.6746994913728092 
BS 3 l 39.45578930235512 0.4142505074452819 0.23517030985637866 0.8177616780967634 0.7413518137344557 0.6353196924852323 0.9186706410955368 0.8826000125505566 0.2618774156334206 0.7142693207199204 0.04374844536139244 0.651736294514477 0.2926944778966222 0.16590944396441154 0.7073181664882556 0.822868517465534 0.0799730605144785 0.011670453963699035 0.9521976785157934 0.213302858032262 0.772265744512847 0.5031090503462801 0.09810788339277643 0.5615013012798715 0.7322471994319928 0.5957432844569119 
BS 4 r 70.25092582842284 0.8359314608953926 0.8090415182594587 0.3885791984131275 0.07143347441789727 0.32956944874585814 0.3760990892896483 0.753480469241005 0.7474579803002183 0.7178210167947967 0.8780617659461538 0.4185721393705786 0.9377960875922512 0.6882892799776882 0.3497818808781302 0.8411577617382932 0.041173543779272403 0.7127327672388951 0.8716366186817294 0.30816898617715094 0.5304856463615475 0.02472031782961004 0.20750637935503657 0.8359554688958561 0.08022099847777997 0.8909042691347754 
BS 5 r 93.59094149613543 0.6062618033190339 0.6326981820355113 0.8194970136673383 0.2243324962672708 0.871527723241859 0.21051931407293234 0.43645025869039766 0.04090097196463138 0.4901865088187892 0.6742454957862389 0.37800029323094686 0.9685043174440485 0.5114256138573877 0.2971508280928278 0.697656626562049 0.020286736347825296 0.5189129249163499 0.9830133120133617 0.9663754499487451 0.7888856833894262 0.7642806114223681 0.1882523232252875 0.4565735640826174 0.030904404652340567 0.4736981536732111 
BS 6 l 13.506098049988074 0.5438022313335195 0.31515170731358766 0.0946545623066547 0.630138892267618 0.7343144656721909 0.677306838107766 0.6651096660922542 0.12736174122716193 0.5324239214921246 0.31839311998121256 0.933462426094538 0.5438171716278739 0.6984664908043582 0.26042128876624926 0.3353242884546763 0.5918114443525556 0.31634113871993463 0.5297893806062264 0.441873919755048 0.8230436339437903 0.48901925887100883 0.8775031241839935 0.03460909448685856 0.029875916462503538 0.4110769202431428 

CS 1 l 53.72744838283076 0.06408501991883897 0.029217855990492314 0.3453926381720017 0.10089099055567263 0.9088192583559621 0.49491923776351177 0.9519788228444642 0.4024738053032977 0.8873361603573213 0.13774644083741694 0.16973145495213404 0.6213207119324142 0.2211977774316518 0.7435471358889522 0.9097217576937031 0.08022199874735991 0.7609524398613082 0.5086485912860459 0.032794590745001795 0.5047377863558675 0.603932823463243 0.1593469723806613 0.9758472243390072 0.7433498842583522 0.48665226493004665 
CS 2 r 38.16368385407898 0.5225944044542876 0.5439425927166193 0.29338230433417045 0.8368246766287156 0.8304226165397058 0.8080293581267153 0.7578465271543224 0.9254750392279999 0.0759130006629114 0.596681810322807 0.4515668982611514 0.3555205276385892 0.11383865053726416 0.04590648712852263 0.45025071481904455 0.7820075625474363 0.3579188770213768 0.26425354303161197 0.6487073403886342 0.7418326436119771 0.6863394648219603 0.23173119840678003 0.5551363134292484 0.11862855300351616 0.5510244164966226 
CS 3 l 69.9671815663447 0.5372289269431252 0.6911553342271061 0.6268715329777356 0.07571604596489012 0.9153776774640099 0.22421063823215104 0.2756403071343547 0.403061646687097 0.002389652082522953 0.9917387982745538 0.8189076603853489 0.444530146204145 0.17445039547527597 0.5837313325293628 0.11548316942821968 0.19689664330608359 0.324688083376501 0.34167607188460214 0.2209023541904246 0.12483475119142973 0.5985376363099071 0.7917261305445464 0.9700927943237594 0.6538089512184468 0.13920724949204322 
CS 4 r 1.0419524534645246 0.16903482986594642 0.6332664850337706 0.681900759342261 0.8647284745007988 0.7072148323662535 0.7120542841705032 0.2270508620870053 0.9662627470950945 0.30989569790662497 0.8267745406825595 0.6956701624055501 0.7691026957560764 0.8377057617034829 0.2938324657531315 0.4240279890236154 0.6211050711972588 0.01077400376662574 0.3172182723260223 0.5902129557831057 0.2306763332674624 0.18561584879265125 0.07660482194391705 0.18174262756465842 0.03405313562898826 0.34520038890660254 
CS 5 l 94.4689848714615 0.9112333390902358 0.1425779968275337 0.7761066836533372 0.7932814035802507 0.566244287213675 0.3651178221216277 0.0014029492039754343 0.8095575912507457 0.6397624407711617 0.13768708077755787 0.4138594281988094 0.6901838648369877 0.7293956806846332 0.06050137386071586 0.7113319683743309 0.6288686759931056 0.11619319156791597 0.1421014439124486 0.6746300689149328 0.02169069177491123 0.1381142659617528 0.7808514564208765 0.0479097077771119 0.40146316831637796 0.45851726735717013 
CS 6 r 97.62692668234064 0.282607790067257 0.7104705846818656 0.09664331325184794 0.25389287022660845 0.6881615122098619 0.6552601316152126 0.1349195013485197 0.31851308550000956 0.09623288536538521 0.5522106510199003 0.34700906842651325 0.49284267448868235 0.48988455462522185 0.7688891257760994 0.600886882996581 0.6023863372010075 0.17513043602392298 0.5937454585694475 0.7828203498581924 0.07201549957009434 0.9795104570232029 0.1254844946397865 0.16098768518146123 0.6558788215608615 0.6508158974776251 

DS 1 l 56.59507485135762 0.4010248151818616 0.09881795399074089 0.10198998059973263 0.4654773229198925 0.15726705813174313 0.3738289195475849 0.4831045643888313 0.15056984177626065 0.18898689410971214 0.30815193299860244 0.14787971779026354 0.3018871780655873 0.21898193124519905 0.5599516540747945 851.7699887503305 0.0917503604881803 0.5401332463225303 0.3938050551805534 0.4572020464735821 0.5917525238745301 0.6675779926373132 0.9081677481580513 0.9443297969696193 0.5203559352413326 0.37223816630606377 
DS 2 l 58.14460119088372 0.9878523118380086 0.7526358807513086 0.8359706692639967 0.9130183589689239 0.3653689248080082 0.7228174287181597 0.09926728023146358 0.773656125428184 0.8319809184532492 0.835602019008586 0.934347883176815 0.3440114255336564 0.549415489114806 0.26888307058379624 0.7696537730550643 0.09801431521216608 0.19144293025493897 0.09830090270291547 0.31616229603182444 0.11474024288208218 0.024934333216644178 0.5031889004101987 0.10160808530142962 0.9654135678574922 0.4621953159409029 
DS 3 l 92.45766055948353 0.20561009650596007 0.014367983735356527 0.8077513704690267 0.4314215047614306 0.10686769257084316 0.3842382285792417 0.18154831591589637 0.24542556326817278 0.7030032808009276 0.024134056670388593 0.8905717787092999 0.28622937416827243 0.2442930033924322 0.2892748614461992 0.8421770530190108 0.887459234380697 0.1344408155179161 0.19153867026130034 0.9449615587483621 0.3080389263235499 0.29471574259494193 0.012606859728539699 0.8267994980920567 0.4823626585057762 0.06218571503947434 
DS 4 l 29.201329765069556 0.6146986368772972 0.5259316180838948 0.39844599737737985 0.23992202648627237 0.9674274267131703 0.8741699553524283 0.5221536983733469 0.7006736632720045 0.02940002291595345 0.5737383788738482 0.9468442559986467 0.04988869209871161 0.48309614287783 0.1685140011212498 0.30492003291151926 0.346990227535783 0.41733088340468394 0.8265075422088614 0.2693645492131458 0.8842571610557532 0.2999796730067539 0.8393399121443387 0.34665071434700834 0.4747344333843221 0.9463021383238189 
DS 5 r 39.857750498199636 0.30747506162439087 0.546342375086188 0.007797317821572669 0.5524760919502533 0.5463640314081007 0.6801550594257083 0.17156273151473045 0.7458856248130131 0.716862539150443 0.5755442645688655 0.956417930191624 0.6162196312808179 0.5759292234461229 0.5508620442290478 0.7195925647888683 0.03524401199245142 0.08932646489242302 0.5955618168629734 0.2465683503851449 0.21909213905613711 0.4992079293591528 0.6781336792681177 0.08670277488985079 0.3531143826450872 0.23576959037025202 
DS 6 r 48.911781180073255 0.6185520166509204 0.8649221307129541 0.26674524764647156 0.008151876059900975 0.6813493209432478 0.5016622381525899 0.7216907869662862 0.4607272923265303 0.4928840410026346 0.6654103722876806 0.4024159943174527 0.7548222383514895 0.4890661219748851 0.03967229497858982 628.9759765422477 0.4435349677228464 0.666749043803463 0.40033440352678307 0.4484331349118781 0.346834422236594 0.9889242113212052 0.6460061905698046 0.5086678589800788 0.2672630206671671 0.4201880742760562 

